1.193	Model3	2.795	10.0	0.363	23.471	0.6	15
1.38	Model3	7.221	2.795	0.14	40.585	0.6	4.9251754040899245
1.776	Model3	7.954	7.221	0.129	47.294	0.6	4.963033170869084
2.204	Model3	7.139	7.954	0.144	50.817	0.6	4.922603133618919
2.614	Model3	7.094	7.139	0.145	53.563	0.6	4.923123151321659
3.027	Model3	6.812	7.094	0.149	55.502	0.6	4.943880299345932
3.436	Model3	6.998	6.812	0.147	57.044	0.6	4.937681882822727
3.865	Model3	6.037	6.998	0.167	57.958	0.6	4.887919300404617
4.277	Model3	6.0	6.037	0.171	58.914	0.6	4.929279253868863
4.681	Model3	6.246	6.0	0.164	59.82	0.6	4.88560203051125
5.082	Model3	6.729	6.246	0.152	60.604	0.6	4.895632767781274
5.493	Model3	6.659	6.729	0.154	61.164	0.6	4.85897257671384
5.92	Model3	6.083	6.659	0.168	61.49	0.6	4.913796880656344
6.324	Model3	6.289	6.083	0.163	61.983	0.6	4.875243947940725
6.734	Model3	6.349	6.289	0.162	62.371	0.6	4.910069361116801
7.156	Model3	5.923	6.349	0.173	62.606	0.6	4.893770637170826
7.525	Model3	7.888	5.923	0.131	63.259	0.6	4.9095635908618975
7.985	Model3	5.798	7.888	0.177	63.118	0.6	4.919693063430587
8.381	Model3	6.289	5.798	0.163	63.478	0.6	4.911886395388736
8.784	Model3	6.648	6.289	0.154	63.751	0.6	4.931533779263428
9.193	Model3	6.691	6.648	0.153	63.965	0.6	4.873351993409717
9.607	Model3	6.619	6.691	0.155	64.118	0.6	4.90800670267639
10.024	Model3	6.375	6.619	0.161	64.246	0.6	4.900752352342527
10.421	Model3	6.907	6.375	0.149	64.486	0.6	4.916746086171628
10.851	Model3	6.199	6.907	0.165	64.511	0.6	4.925829015422341
11.26	Model3	6.235	6.199	0.165	64.655	0.6	4.87327272199146
11.669	Model3	6.269	6.235	0.163	64.789	0.6	4.939176227727331
12.079	Model3	6.318	6.269	0.162	64.905	0.6	4.92006817683278
12.516	Model3	5.415	6.318	0.189	64.876	0.6	4.909069416045665
12.886	Model3	6.999	5.415	0.147	65.185	0.6	4.9224587037526035
13.305	Model3	6.769	6.999	0.152	65.237	0.6	4.875861700173677
13.724	Model3	6.495	6.769	0.158	65.287	0.6	4.876865172706883
14.143	Model3	6.184	6.495	0.165	65.335	0.6	4.898337091878623
14.548	Model3	6.34	6.184	0.162	65.437	0.6	4.873754052452387
14.959	Model3	6.348	6.34	0.161	65.514	0.6	4.931945496192541
15.365	Model3	6.567	6.348	0.156	65.604	0.6	4.8879136041729545
15.776	Model3	6.494	6.567	0.158	65.67	0.6	4.882457022592241
16.19	Model3	6.44	6.494	0.159	65.721	0.6	4.941375780059919
16.598	Model3	6.521	6.44	0.158	65.791	0.6	4.886324873948014
17.031	Model3	5.729	6.521	0.179	65.764	0.6	4.925591844356003
17.419	Model3	6.591	5.729	0.155	65.905	0.6	4.880440208468358
17.838	Model3	6.252	6.591	0.164	65.926	0.6	4.883372239912911
18.254	Model3	6.053	6.252	0.169	65.957	0.6	4.925695965426328
18.656	Model3	6.329	6.053	0.162	66.037	0.6	4.916705741133222
19.072	Model3	6.11	6.329	0.167	66.065	0.6	4.91305437703378
19.487	Model3	5.955	6.11	0.172	66.096	0.6	4.882582063108096
19.895	Model3	6.072	5.955	0.168	66.147	0.6	4.920541478425212
20.174	Model3	6.386	6.072	0.16	66.621	0.6	4.900655009078524
20.404	Model3	4.646	6.386	0.227	67.243	0.6	12.519264061511276
20.532	Model3	8.466	4.646	0.191	68.187	0.6	12.540600015547543
20.659	Model3	8.52	8.466	0.155	69.124	0.6	12.585680849786954
20.809	Model3	7.159	8.52	0.144	69.971	0.6	12.525395384394859
20.977	Model3	6.72	7.159	0.15	70.746	0.6	12.479110756725557
21.103	Model3	8.785	6.72	0.115	71.647	0.6	12.459685708344473
21.302	Model3	6.575	8.785	0.154	72.293	0.6	12.535390335239109
21.456	Model3	7.03	6.575	0.144	73.081	0.6	12.65555488504013
21.589	Model3	8.716	7.03	0.116	73.926	0.6	12.465795848007966
21.81	Model3	5.679	8.716	0.178	74.46	0.6	12.649409948097146
21.95	Model3	7.752	5.679	0.157	75.261	0.6	12.766377612671706
22.078	Model3	8.407	7.752	0.125	76.094	0.6	12.554638953077669
22.267	Model3	6.48	8.407	0.156	76.704	0.6	12.623483877181261
22.401	Model3	8.418	6.48	0.125	77.496	0.6	12.408596042790874
22.576	Model3	7.176	8.418	0.141	78.135	0.6	12.632037995765533
22.736	Model3	7.225	7.176	0.14	78.818	0.6	12.733936486732649
22.896	Model3	7.223	7.225	0.14	79.488	0.6	12.77559350118487
23.072	Model3	6.661	7.223	0.152	80.099	0.6	12.363861466399795
23.209	Model3	7.897	6.661	0.128	80.83	0.6	12.541574968902497
23.378	Model3	7.403	7.897	0.136	81.442	0.6	12.624129783743923
23.568	Model3	6.083	7.403	0.166	81.974	0.6	12.493235555184883
23.72	Model3	7.175	6.083	0.154	82.63	0.6	12.412525265678038
23.853	Model3	8.02	7.175	0.126	83.344	0.6	12.458279373150997
24.02	Model3	7.566	8.02	0.133	83.929	0.6	12.627398324296497
24.238	Model3	5.265	7.566	0.191	84.33	0.6	12.571384040834555
24.459	Model3	4.885	5.265	0.248	84.713	0.6	12.470947830378858
24.689	Model3	4.684	4.885	0.315	85.057	0.6	12.560729751259275
24.849	Model3	6.806	4.684	0.311	85.637	0.6	12.376265495029493
24.979	Model3	8.418	6.806	0.277	86.313	0.6	12.734323101678964
25.098	Model3	9.07	8.418	0.237	87.017	0.6	12.603417760696653
25.232	Model3	8.016	9.07	0.21	87.666	0.6	12.635082254629365
25.378	Model3	7.185	8.016	0.196	88.265	0.6	12.58175447858797
25.499	Model3	8.966	7.185	0.156	88.946	0.6	12.50761615077235
25.645	Model3	7.272	8.966	0.143	89.529	0.6	12.718221154866626
25.79	Model3	7.931	7.272	0.128	90.111	0.6	12.49494756911344
25.968	Model3	6.913	7.931	0.146	90.573	0.6	12.82936408405469
26.107	Model3	8.06	6.913	0.126	91.162	0.6	12.763347442798848
26.314	Model3	5.864	8.06	0.172	91.51	0.6	12.771664428590134
26.476	Model3	6.7	5.864	0.172	92.008	0.6	12.556405428141193
26.601	Model3	8.677	6.7	0.134	92.629	0.6	12.42977714556662
26.819	Model3	5.317	8.677	0.19	92.921	0.6	12.52883753718949
26.977	Model3	6.958	5.317	0.185	93.413	0.6	12.643575877058124
27.123	Model3	7.412	6.958	0.169	93.941	0.6	12.557495628847214
27.275	Model3	7.017	7.412	0.158	94.445	0.6	12.320172011678935
27.404	Model3	8.369	7.017	0.125	95.022	0.6	12.610920855219442
27.696	Model3	3.939	8.369	0.255	95.031	0.6	12.579716751945005
27.877	Model3	6.126	3.939	0.272	95.419	0.6	12.377909069982943
28.002	Model3	8.701	6.126	0.232	95.993	0.6	12.651775614670653
28.139	Model3	7.695	8.701	0.209	96.52	0.6	12.818307397039229
28.272	Model3	8.107	7.695	0.181	97.059	0.6	12.629793794565426
28.398	Model3	8.529	8.107	0.149	97.612	0.6	12.639727575451655
28.535	Model3	8.141	8.529	0.124	98.126	0.6	12.524123763056215
28.722	Model3	6.697	8.141	0.151	98.46	0.6	12.550318822019216
28.874	Model3	7.102	6.697	0.142	98.912	0.6	12.56784315605589
29.064	Model3	5.938	7.102	0.17	99.229	0.6	12.46449925705795
29.228	Model3	6.694	5.938	0.172	99.63	0.6	12.39729962994053
29.374	Model3	7.372	6.694	0.155	100.09	0.6	12.453248773767532
29.508	Model3	7.978	7.372	0.13	100.582	0.6	12.810359940747981
29.736	Model3	5.102	7.978	0.197	100.752	0.6	12.546864857265078
29.916	Model3	6.055	5.102	0.212	101.083	0.6	12.487135669415583
30.095	Model3	5.994	6.055	0.23	101.412	0.6	12.689401457027374
30.266	Model3	6.295	5.994	0.239	101.765	0.6	12.53681413442771
30.413	Model3	7.574	6.295	0.223	102.193	0.6	12.610731273188653
30.551	Model3	7.67	7.574	0.2	102.647	0.6	12.762920226879915
30.674	Model3	8.856	7.67	0.163	103.15	0.6	12.595507507507508
30.828	Model3	6.928	8.856	0.159	103.542	0.6	12.77481527506198
30.958	Model3	8.296	6.928	0.13	104.011	0.6	12.795197115340617
31.153	Model3	6.115	8.296	0.165	104.259	0.6	12.69262706837907
31.299	Model3	7.424	6.115	0.149	104.666	0.6	12.504670278070115
31.468	Model3	6.491	7.424	0.156	104.997	0.6	12.560353604925554
31.608	Model3	7.773	6.491	0.134	105.417	0.6	12.815957368794153
31.783	Model3	6.769	7.773	0.149	105.716	0.6	12.546827324614409
31.936	Model3	7.205	6.769	0.14	106.086	0.6	12.495357033267892
32.091	Model3	7.59	7.205	0.133	106.447	0.6	12.439214197589447
32.268	Model3	6.834	7.59	0.148	106.733	0.6	12.568370395452462
32.443	Model3	6.291	6.834	0.161	107.019	0.6	12.360727915715023
32.586	Model3	7.684	6.291	0.141	107.408	0.6	12.473469776183764
32.748	Model3	7.073	7.684	0.143	107.731	0.6	12.523899386092731
32.892	Model3	7.928	7.073	0.127	108.11	0.6	12.821285336985229
33.071	Model3	6.924	7.928	0.146	108.374	0.6	12.552159209935658
33.214	Model3	7.918	6.924	0.128	108.75	0.6	12.55125772800996
33.447	Model3	5.009	7.918	0.201	108.829	0.6	12.601335151992213
33.636	Model3	5.727	5.009	0.225	109.051	0.6	12.61239979071068
33.767	Model3	8.331	5.727	0.194	109.457	0.6	12.627816515529222
33.884	Model3	9.297	8.331	0.149	109.905	0.6	12.604629777105954
34.016	Model3	8.316	9.297	0.122	110.3	0.6	12.628310777244193
34.188	Model3	7.794	8.316	0.131	110.565	0.6	12.465128996115702
34.378	Model3	6.317	7.794	0.16	110.77	0.6	12.791841141361862
34.545	Model3	6.406	6.317	0.165	111.043	0.6	12.499639402301865
34.696	Model3	7.114	6.406	0.155	111.368	0.6	12.732544867280279
34.852	Model3	6.765	7.114	0.149	111.672	0.6	12.520609447389788
34.984	Model3	8.549	6.765	0.118	112.052	0.6	12.44981106985221
35.281	Model3	3.96	8.549	0.254	111.903	0.6	12.537301297878319
35.447	Model3	6.678	3.96	0.257	112.167	0.6	12.525881660798385
35.613	Model3	6.487	6.678	0.26	112.429	0.6	12.063725447898781
35.785	Model3	6.249	6.487	0.267	112.672	0.6	11.672925728948371
35.922	Model3	7.901	6.249	0.236	113.022	0.6	11.467272523464647
36.057	Model3	7.812	7.901	0.202	113.376	0.6	12.708202165146176
36.193	Model3	7.909	7.812	0.178	113.723	0.6	12.610162561294958
36.342	Model3	7.14	7.909	0.168	114.027	0.6	12.580169523043976
36.494	Model3	7.085	7.14	0.158	114.321	0.6	12.720496894409937
36.691	Model3	5.377	7.085	0.194	114.47	0.6	12.51687297816719
36.834	Model3	7.641	5.377	0.174	114.786	0.6	12.686446086512024
36.981	Model3	7.28	7.641	0.159	115.087	0.6	12.565395838201548
37.111	Model3	8.305	7.28	0.129	115.438	0.6	12.793870124482593
37.335	Model3	5.218	8.305	0.193	115.494	0.6	12.53220669172528
37.523	Model3	5.785	5.218	0.22	115.662	0.6	12.684566112828206
37.651	Model3	8.538	5.785	0.183	116.013	0.6	12.41230486956779
37.78	Model3	8.309	8.538	0.151	116.357	0.6	12.5672783057876
37.955	Model3	6.126	8.309	0.165	116.56	0.6	12.767776637940743
38.11	Model3	6.989	6.126	0.158	116.82	0.6	12.478702356619868
38.273	Model3	6.582	6.989	0.16	117.053	0.6	12.465128996115702
38.423	Model3	7.3	6.582	0.147	117.327	0.6	12.48929226518021
38.55	Model3	8.927	7.3	0.114	117.666	0.6	12.737919745381548
38.75	Model3	6.584	8.927	0.153	117.781	0.6	12.669316740167945
38.887	Model3	7.93	6.584	0.128	118.086	0.6	12.529136944235342
39.076	Model3	6.475	7.93	0.156	118.232	0.6	12.550619256652633
39.207	Model3	8.38	6.475	0.124	118.552	0.6	12.532393920108044
39.505	Model3	3.834	8.38	0.262	118.365	0.6	12.57323061242843
39.733	Model3	4.821	3.834	0.325	118.389	0.6	12.498931678055147
39.954	Model3	4.896	4.821	0.38	118.437	0.6	12.41759653729894
40.178	Model3	4.768	4.896	0.438	118.473	0.6	12.430734942829877
40.311	Model3	8.078	4.768	0.406	118.777	0.6	12.544313148442244
40.663	Model3	5.983	8.078	0.171	118.437	0.6	12.544313148442244
41.669	Model3	6.398	5.983	0.16	116.251	0.6	1.9846895657564128
42.712	Model3	5.397	6.398	0.189	114.067	0.6	1.9796106387156214
43.705	Model3	6.05	5.397	0.169	112.116	0.6	1.981980125875441
44.715	Model3	6.201	6.05	0.165	110.208	0.6	1.9904121667345276
45.74	Model3	5.85	6.201	0.175	108.352	0.6	1.9877087559001383
46.737	Model3	6.526	5.85	0.157	106.64	0.6	1.9861763808939323
47.796	Model3	5.052	6.526	0.203	104.862	0.6	1.9800274370180702
48.762	Model3	6.568	5.052	0.156	103.358	0.6	1.986128414683405
49.796	Model3	5.746	6.568	0.178	101.774	0.6	1.98915104406262
50.816	Model3	5.593	5.746	0.183	100.283	0.6	1.9880017575050632
51.83	Model3	5.619	5.593	0.182	98.861	0.6	1.9829161978423049
52.843	Model3	5.646	5.619	0.181	97.496	0.6	1.9889831408670844
53.862	Model3	5.599	5.646	0.182	96.172	0.6	1.9839901611816042
54.865	Model3	5.833	5.599	0.175	94.923	0.6	1.9809682142351108
55.898	Model3	5.196	5.833	0.196	93.67	0.6	1.985221255189884
56.895	Model3	5.681	5.196	0.18	92.521	0.6	1.990756043267565
57.908	Model3	5.731	5.681	0.178	91.386	0.6	1.989847484548251
58.924	Model3	5.697	5.731	0.179	90.286	0.6	1.9872237501984
59.928	Model3	6.022	5.697	0.17	89.24	0.6	1.9910083579264064
60.29	Model3	6.055	6.022	0.169	89.169	0.6	1.9842191736236245
60.521	Model3	6.009	6.055	0.169	89.292	0.6	8.845700740040872
60.768	Model3	5.413	6.009	0.187	89.389	0.6	8.835303262337247
61.01	Model3	5.199	5.413	0.194	89.494	0.6	8.678468859921374
61.254	Model3	4.849	5.199	0.208	89.594	0.6	8.787471323367658
61.519	Model3	4.177	4.849	0.242	89.664	0.6	8.8190480996476
61.787	Model3	3.987	4.177	0.278	89.727	0.6	8.654723436216795
62.004	Model3	4.981	3.987	0.26	89.865	0.6	8.676709460941089
62.212	Model3	5.169	4.981	0.234	90.015	0.6	8.80606848248047
62.452	Model3	4.378	5.169	0.242	90.117	0.6	8.845887297981875
62.653	Model3	5.379	4.378	0.211	90.275	0.6	8.68754647417641
62.8	Model3	7.952	5.379	0.127	90.51	0.6	8.796704725631496
63.134	Model3	4.323	7.952	0.233	90.475	0.6	8.826192996374242
63.322	Model3	5.781	4.323	0.188	90.648	0.6	8.73223907195976
63.515	Model3	6.651	5.781	0.152	90.813	0.6	8.856833351986097
63.725	Model3	7.572	6.651	0.134	90.953	0.6	8.862616162854088
64.015	Model3	5.214	7.572	0.195	90.978	0.6	8.823277965702362
64.251	Model3	5.123	5.214	0.197	91.08	0.6	8.625268106300679
64.5	Model3	4.689	5.123	0.215	91.163	0.6	8.811970301148373
64.698	Model3	5.567	4.689	0.182	91.316	0.6	8.72940392940393
65.005	Model3	3.885	5.567	0.259	91.316	0.6	8.82884976466527
65.292	Model3	3.669	3.885	0.314	91.343	0.6	8.76678977741827
65.522	Model3	4.695	3.669	0.305	91.45	0.6	8.55233387979479
65.795	Model3	3.853	4.695	0.345	91.497	0.6	8.826880258600008
66.074	Model3	3.865	3.853	0.39	91.534	0.6	8.67532757640002
66.256	Model3	5.978	3.865	0.337	91.705	0.6	8.657742586029308
66.485	Model3	4.572	5.978	0.33	91.81	0.6	8.739371410949884
66.655	Model3	6.342	4.572	0.27	91.996	0.6	8.72729693963329
66.821	Model3	6.43	6.342	0.205	92.187	0.6	8.895453128346952
67.044	Model3	5.035	6.43	0.2	92.297	0.6	8.836010558625441
67.245	Model3	5.984	5.035	0.17	92.439	0.6	8.758588286393849
67.468	Model3	6.257	5.984	0.162	92.547	0.6	8.720075510297425
67.682	Model3	6.901	6.257	0.147	92.668	0.6	8.895736125014846
67.924	Model3	6.544	6.901	0.157	92.75	0.6	8.756485467458882
68.156	Model3	6.522	6.544	0.156	92.846	0.6	8.86565094610819
68.385	Model3	6.624	6.522	0.155	92.944	0.6	8.874166917032342
68.611	Model3	6.846	6.624	0.15	93.046	0.6	8.898906918324395
68.853	Model3	6.255	6.846	0.162	93.126	0.6	8.902892487428813
69.083	Model3	6.361	6.255	0.16	93.222	0.6	8.822442802363419
69.319	Model3	6.165	6.361	0.166	93.307	0.6	8.86827527296408
69.558	Model3	5.929	6.165	0.171	93.39	0.6	8.75325092712205
69.817	Model3	5.037	5.929	0.2	93.444	0.6	8.825672977175694
70.05	Model3	5.016	5.037	0.201	93.533	0.6	8.750968086526907
70.279	Model3	5.098	5.016	0.198	93.627	0.6	8.726298291275791
70.516	Model3	4.979	5.098	0.203	93.709	0.6	8.718879141894982
70.778	Model3	4.337	4.979	0.233	93.758	0.6	8.741848618996407
71.032	Model3	4.253	4.337	0.253	93.817	0.6	8.680282864823809
71.29	Model3	4.135	4.253	0.277	93.87	0.6	8.684992038298992
71.495	Model3	5.223	4.135	0.249	93.993	0.6	8.76336452034817
71.691	Model3	5.404	5.223	0.21	94.126	0.6	8.448644064723927
71.914	Model3	5.015	5.404	0.202	94.223	0.6	8.827437576818816
72.129	Model3	5.51	5.015	0.184	94.331	0.6	8.722233428645698
72.342	Model3	6.226	5.51	0.163	94.441	0.6	8.670360019183383
72.578	Model3	6.126	6.226	0.167	94.519	0.6	8.758588286393849
72.825	Model3	5.564	6.126	0.182	94.583	0.6	8.84560746402119
73.032	Model3	6.344	5.564	0.16	94.698	0.6	8.841002076241265
73.29	Model3	5.412	6.344	0.188	94.746	0.6	8.751479339325805
73.556	Model3	4.543	5.412	0.222	94.784	0.6	8.827270373963755
73.745	Model3	5.739	4.543	0.179	94.922	0.6	8.808805646971852
74.013	Model3	4.638	5.739	0.219	94.956	0.6	8.821663459212754
74.198	Model3	5.981	4.638	0.169	95.097	0.6	8.704530219797324
74.423	Model3	6.114	5.981	0.165	95.185	0.6	8.81319235488914
74.724	Model3	4.284	6.114	0.236	95.177	0.6	8.780554386714146
74.995	Model3	3.951	4.284	0.272	95.206	0.6	8.608415275648406
75.166	Model3	6.345	3.951	0.208	95.362	0.6	8.694660033167496
75.334	Model3	6.928	6.345	0.146	95.522	0.6	8.869625531842905
75.618	Model3	5.124	6.928	0.199	95.533	0.6	8.843947479952853
75.892	Model3	4.194	5.124	0.24	95.557	0.6	8.810100844607723
76.106	Model3	5.062	4.194	0.222	95.655	0.6	8.653705617898709
76.312	Model3	5.177	5.062	0.196	95.765	0.6	8.831694092627101
76.547	Model3	5.133	5.177	0.197	95.837	0.6	8.727678302034022
76.783	Model3	4.994	5.133	0.202	95.907	0.6	8.724519447778363
77.021	Model3	4.825	4.994	0.209	95.974	0.6	8.722777610248626
77.208	Model3	6.197	4.825	0.163	96.104	0.6	8.72704271654772
77.471	Model3	5.196	6.197	0.195	96.139	0.6	8.765195875599247
77.755	Model3	4.086	5.196	0.246	96.148	0.6	8.739043650380248
77.977	Model3	4.858	4.086	0.235	96.234	0.6	8.73252995994237
78.221	Model3	4.402	4.858	0.242	96.292	0.6	8.74585884197708
78.484	Model3	4.053	4.402	0.274	96.326	0.6	8.765946952518094
78.675	Model3	5.638	4.053	0.233	96.448	0.6	8.813377544116225
78.825	Model3	7.069	5.638	0.153	96.619	0.6	8.788447193516214
79.071	Model3	5.986	7.069	0.17	96.672	0.6	8.801245598646965
79.324	Model3	5.256	5.986	0.192	96.717	0.6	8.759191890503418
79.556	Model3	5.191	5.256	0.194	96.787	0.6	8.783496432617623
79.853	Model3	3.903	5.191	0.258	96.777	0.6	8.614285039463875
80.107	Model3	4.205	3.903	0.277	96.821	0.6	8.755498405170254
80.493	Model3	5.855	4.205	0.174	96.704	0.6	8.567584847463513
80.687	Model3	7.251	5.855	0.14	96.819	0.6	8.891248033849585
80.937	Model3	6.313	7.251	0.159	96.866	0.6	8.870188261070012
81.288	Model3	3.569	6.313	0.282	96.792	0.6	8.855860934633112
81.588	Model3	3.542	3.569	0.352	96.779	0.6	8.833200655386936
81.864	Model3	3.808	3.542	0.4	96.795	0.6	8.837462732166749
82.168	Model3	3.423	3.808	0.477	96.778	0.6	8.87668356937872
82.451	Model3	3.763	3.423	0.532	96.785	0.6	8.841915314335344
82.732	Model3	3.731	3.763	0.587	96.794	0.6	8.804534195390234
82.957	Model3	4.869	3.731	0.583	96.87	0.6	8.804220009781758
83.266	Model3	3.399	4.869	0.663	96.847	0.6	8.75440193025372
83.56	Model3	3.564	3.399	0.728	96.84	0.6	8.85229100272261
83.847	Model3	3.707	3.564	0.785	96.843	0.6	8.874617555827328
84.179	Model3	3.342	3.707	0.89	96.794	0.6	8.829444505258548
84.486	Model3	3.447	3.342	0.968	96.774	0.6	8.80527354410715
84.803	Model3	3.361	3.447	1.057	96.742	0.6	8.747117351780057
85.061	Model3	4.171	3.361	1.086	96.778	0.6	8.846596289929659
85.371	Model3	3.435	4.171	1.167	96.754	0.6	8.75754589339703
85.712	Model3	3.127	3.435	1.276	96.696	0.6	8.734112002598803
85.993	Model3	3.846	3.127	1.329	96.705	0.6	8.818417677606543
86.294	Model3	3.551	3.846	1.401	96.692	0.6	8.87170798670821
86.614	Model3	3.417	3.551	1.492	96.658	0.6	8.787857962973828
86.816	Model3	5.537	3.417	1.461	96.756	0.6	8.805218088646207
87.142	Model3	3.25	5.537	1.559	96.716	0.6	8.76056402747869
87.447	Model3	3.614	3.25	1.636	96.699	0.6	8.783441251120362
87.75	Model3	3.579	3.614	1.712	96.684	0.6	8.815563364888268
88.055	Model3	3.634	3.579	1.789	96.666	0.6	8.585648636200808
88.377	Model3	3.403	3.634	1.88	96.631	0.6	8.790399584194356
88.622	Model3	4.349	3.403	1.895	96.68	0.6	8.799417610566927
88.917	Model3	3.572	4.349	1.961	96.674	0.6	8.799786839880245
89.174	Model3	4.301	3.572	1.988	96.71	0.6	8.742759710346725
89.464	Model3	3.686	4.301	2.049	96.71	0.6	8.756211261166284
89.757	Model3	3.604	3.686	2.112	96.706	0.6	8.85561786365786
90.045	Model3	3.717	3.604	2.169	96.707	0.6	8.684866154253909
90.358	Model3	3.504	3.717	2.254	96.682	0.6	8.706806967431762
90.664	Model3	3.496	3.504	2.331	96.664	0.6	8.82769768273946
90.988	Model3	3.247	3.496	2.422	96.628	0.6	8.794048827125808
91.329	Model3	3.129	3.247	2.533	96.574	0.6	8.729276754626035
91.576	Model3	4.376	3.129	2.551	96.619	0.6	8.827716262320338
91.916	Model3	3.104	4.376	2.659	96.567	0.6	8.838840876570762
92.228	Model3	3.447	3.104	2.744	96.543	0.6	8.85804917402672
92.545	Model3	3.462	3.447	2.831	96.515	0.6	8.793551024686828
92.852	Model3	3.416	3.462	2.911	96.497	0.6	8.829667553639394
93.163	Model3	3.456	3.416	2.992	96.476	0.6	8.741666423512836
93.457	Model3	3.654	3.456	3.056	96.472	0.6	8.725045764686303
93.721	Model3	4.037	3.654	3.09	96.499	0.6	8.839101654945976
93.991	Model3	4.156	4.037	3.131	96.519	0.6	8.774015400481552
94.292	Model3	3.548	4.156	3.201	96.509	0.6	8.863983431427455
94.574	Model3	3.825	3.548	3.255	96.517	0.6	8.561568813163529
94.851	Model3	3.816	3.825	3.304	96.53	0.6	8.898434930932869
95.165	Model3	3.294	3.816	3.39	96.506	0.6	8.844618859139516
95.487	Model3	3.286	3.294	3.484	96.474	0.6	8.823649200164931
95.811	Model3	3.266	3.286	3.577	96.44	0.6	8.888308716014325
96.002	Model3	5.783	3.266	3.54	96.539	0.6	8.75639406345316
96.156	Model3	6.976	5.783	3.463	96.677	0.6	8.757692179200214
96.301	Model3	7.333	6.976	3.38	96.821	0.6	8.693524684794482
96.469	Model3	6.282	7.333	3.316	96.944	0.6	8.736786412094801
96.636	Model3	6.358	6.282	3.255	97.065	0.6	8.877792100311357
96.799	Model3	6.617	6.358	3.188	97.191	0.6	8.786219580914715
96.949	Model3	7.082	6.617	3.109	97.33	0.6	8.756759690925907
97.084	Model3	7.985	7.082	3.015	97.483	0.6	8.801005516491772
97.249	Model3	6.327	7.985	2.949	97.605	0.6	8.784158664670095
97.389	Model3	7.596	6.327	2.861	97.752	0.6	8.807344381262757
97.523	Model3	8.058	7.596	2.767	97.905	0.6	8.882266613865411
97.661	Model3	7.643	8.058	2.677	98.054	0.6	8.859939036884164
97.808	Model3	7.104	7.643	2.598	98.192	0.6	8.835321873946748
97.928	Model3	8.909	7.104	2.49	98.358	0.6	8.754274026068899
98.068	Model3	7.464	8.909	2.4	98.503	0.6	8.93306015002364
98.222	Model3	6.979	7.464	2.322	98.634	0.6	8.81658255014935
98.36	Model3	7.786	6.979	2.229	98.78	0.6	8.738952610140535
98.483	Model3	8.623	7.786	2.122	98.941	0.6	8.792481861841843
98.605	Model3	8.696	8.623	2.013	99.102	0.6	8.849340039833914
98.724	Model3	8.999	8.696	1.903	99.267	0.6	8.827827741448004
98.844	Model3	8.881	8.999	1.793	99.43	0.6	8.851506377518719
98.975	Model3	8.046	8.881	1.697	99.581	0.6	8.843723709540367
99.092	Model3	9.125	8.046	1.587	99.746	0.6	8.880423620976945
99.215	Model3	8.618	9.125	1.481	99.904	0.6	8.789846932787903
99.338	Model3	8.837	8.618	1.376	100.062	0.6	8.845290340268038
99.476	Model3	7.663	8.837	1.285	100.205	0.6	8.74574942345626
99.612	Model3	7.747	7.663	1.192	100.349	0.6	8.796354202712537
99.754	Model3	7.426	7.747	1.106	100.487	0.6	8.729767306331432
99.875	Model3	8.804	7.426	1.0	100.645	0.6	8.754054770447084
100.016	Model3	7.501	8.804	0.912	100.784	0.6	8.74954419722388
100.145	Model3	8.188	7.501	0.813	100.933	0.6	8.840089026775477
100.272	Model3	8.55	8.188	0.709	101.085	0.6	8.89081455071149
100.428	Model3	6.69	8.55	0.635	101.207	0.6	8.85804917402672
100.553	Model3	8.722	6.69	0.53	101.359	0.6	8.73022157003549
100.672	Model3	8.993	8.722	0.422	101.518	0.6	8.809194166274615
100.814	Model3	7.455	8.993	0.333	101.653	0.6	8.832177624665974
100.951	Model3	7.709	7.455	0.243	101.792	0.6	8.82058744976478
101.084	Model3	8.087	7.709	0.146	101.935	0.6	8.756741408827091
101.394	Model3	4.507	8.087	0.226	101.9	0.6	8.871145064646376
101.549	Model3	7.098	4.507	0.146	102.02	0.6	8.743616309394016
101.824	Model3	5.362	7.098	0.191	102.019	0.6	8.823148041020247
102.025	Model3	6.36	5.362	0.159	102.093	0.6	8.725898895923008
102.241	Model3	7.136	6.36	0.144	102.151	0.6	8.794878623116231
102.482	Model3	6.666	7.136	0.154	102.184	0.6	8.87574435307412
102.758	Model3	5.18	6.666	0.197	102.182	0.6	8.800137636430014
103.065	Model3	3.708	5.18	0.271	102.149	0.6	8.8281807772614
103.367	Model3	3.557	3.708	0.339	102.121	0.6	8.70017880330392
103.679	Model3	3.439	3.557	0.413	102.085	0.6	8.68166632858781
104.004	Model3	3.317	3.439	0.501	102.034	0.6	8.660889029303235
104.237	Model3	4.681	3.317	0.497	102.075	0.6	8.72934942547395
104.469	Model3	4.546	4.681	0.495	102.117	0.6	8.695381043204247
104.673	Model3	5.335	4.546	0.465	102.185	0.6	8.727405896918372
104.834	Model3	6.61	5.335	0.395	102.295	0.6	8.748595195087459
104.962	Model3	8.289	6.61	0.292	102.437	0.6	8.863196732223647
105.085	Model3	8.645	8.289	0.186	102.584	0.6	8.862953258388979
105.291	Model3	6.156	8.645	0.164	102.649	0.6	8.888741954830493
105.505	Model3	6.966	6.156	0.146	102.706	0.6	8.711671630754916
105.764	Model3	5.906	6.966	0.173	102.72	0.6	8.817898574185655
105.991	Model3	5.98	5.906	0.169	102.763	0.6	8.885296049147335
106.254	Model3	5.029	5.98	0.201	102.773	0.6	8.749142671194587
106.516	Model3	4.339	5.029	0.232	102.782	0.6	8.68688073698512
106.727	Model3	5.237	4.339	0.208	102.842	0.6	8.712956519390843
106.94	Model3	5.397	5.237	0.188	102.899	0.6	8.774088818135986
107.171	Model3	5.347	5.397	0.189	102.938	0.6	8.823092360184948
107.485	Model3	3.705	5.347	0.272	102.898	0.6	8.86197949680113
107.656	Model3	6.434	3.705	0.21	102.995	0.6	8.757161916414208
107.844	Model3	6.113	6.434	0.166	103.075	0.6	8.834651905399827
108.115	Model3	4.925	6.113	0.207	103.076	0.6	8.902665724249621
108.304	Model3	6.163	4.925	0.164	103.154	0.6	8.803647140806167
108.538	Model3	6.131	6.163	0.167	103.19	0.6	8.733875568993449
108.774	Model3	5.941	6.131	0.171	103.223	0.6	8.872027007589539
108.997	Model3	6.161	5.941	0.164	103.268	0.6	8.827827741448004
109.23	Model3	6.128	6.161	0.165	103.305	0.6	8.736404253324864
109.522	Model3	4.503	6.128	0.225	103.285	0.6	8.716759113590218
109.71	Model3	5.753	4.503	0.179	103.364	0.6	8.827493312511445
109.931	Model3	5.95	5.753	0.169	103.41	0.6	8.722795750804835
110.25	Model3	3.946	5.95	0.256	103.365	0.6	8.74130205532839
110.53	Model3	3.853	3.946	0.301	103.356	0.6	8.673551514349407
110.744	Model3	5.042	3.853	0.278	103.409	0.6	8.502197356685317
110.954	Model3	5.079	5.042	0.256	103.466	0.6	8.81397020194591
111.129	Model3	6.19	5.079	0.198	103.556	0.6	8.797479664906179
111.338	Model3	5.655	6.19	0.179	103.612	0.6	8.858460758638168
111.588	Model3	5.109	5.655	0.198	103.631	0.6	8.822981000622654
111.82	Model3	5.07	5.109	0.199	103.666	0.6	8.699294607616412
112.023	Model3	5.934	5.07	0.172	103.729	0.6	8.785925105102967
112.301	Model3	4.678	5.934	0.217	103.721	0.6	8.730966664862592
112.461	Model3	6.991	4.678	0.144	103.823	0.6	8.77959864610567
112.724	Model3	5.769	6.991	0.177	103.828	0.6	8.808324670551793
112.961	Model3	5.585	5.769	0.181	103.859	0.6	8.766606540827395
113.22	Model3	4.908	5.585	0.206	103.869	0.6	8.628834759710335
113.473	Model3	4.413	4.908	0.228	103.884	0.6	8.756960799051294
113.661	Model3	5.798	4.413	0.181	103.959	0.6	8.677822467186388
113.855	Model3	6.931	5.798	0.146	104.027	0.6	8.84534630163102
114.094	Model3	6.788	6.931	0.151	104.055	0.6	8.714296102536187
114.291	Model3	8.48	6.788	0.119	104.12	0.6	8.927888156186276
114.517	Model3	8.707	8.48	0.117	104.159	0.6	8.849358710627532
114.786	Model3	6.538	8.707	0.157	104.159	0.6	8.842157633661008
115.03	Model3	6.114	6.538	0.167	104.182	0.6	8.774198946921409
115.262	Model3	6.091	6.114	0.166	104.215	0.6	8.763675796749276
115.56	Model3	4.324	6.091	0.234	104.188	0.6	8.771208097199858
115.727	Model3	6.594	4.324	0.168	104.28	0.6	8.799454532103933
115.998	Model3	4.938	6.594	0.207	104.278	0.6	8.785133799158833
116.18	Model3	6.398	4.938	0.158	104.355	0.6	8.781951612734373
116.425	Model3	6.02	6.398	0.17	104.377	0.6	8.788852335351926
116.659	Model3	5.858	6.02	0.173	104.407	0.6	8.857693745367154
116.904	Model3	5.422	5.858	0.186	104.428	0.6	8.693993205330436
117.099	Model3	6.727	5.422	0.15	104.493	0.6	8.83736962980131
117.369	Model3	5.356	6.727	0.19	104.491	0.6	8.83494965665417
117.592	Model3	5.597	5.356	0.18	104.531	0.6	8.852048127676369
117.846	Model3	4.96	5.597	0.204	104.543	0.6	8.697833372042869
118.069	Model3	5.15	4.96	0.196	104.583	0.6	8.78992061562707
118.318	Model3	4.739	5.15	0.214	104.599	0.6	8.713137520072625
118.509	Model3	5.897	4.739	0.172	104.667	0.6	8.687402522353837
118.73	Model3	6.373	5.897	0.161	104.708	0.6	8.738734121304173
118.996	Model3	5.201	6.373	0.195	104.709	0.6	8.849284027925759
119.216	Model3	5.51	5.201	0.183	104.751	0.6	8.787968437682022
119.552	Model3	3.496	5.51	0.288	104.691	0.6	8.708379702682501
119.694	Model3	7.768	3.496	0.195	104.8	0.6	8.639000799162938
119.907	Model3	5.74	7.768	0.176	104.848	0.6	8.763584242571135
120.106	Model3	7.251	5.74	0.142	104.908	0.6	8.703789630084625
120.364	Model3	6.098	7.251	0.168	104.915	0.6	8.846652267818575
120.616	Model3	5.399	6.098	0.187	104.928	0.6	8.857843396063044
120.847	Model3	5.414	5.399	0.186	104.959	0.6	8.71681346041141
121.058	Model3	6.027	5.414	0.168	105.008	0.6	8.823073800062687
121.287	Model3	6.06	6.027	0.167	105.04	0.6	8.878882112487325
121.538	Model3	5.394	6.06	0.187	105.054	0.6	8.742285919144928
121.781	Model3	5.06	5.394	0.199	105.074	0.6	8.767907686518804
121.991	Model3	5.659	5.06	0.178	105.122	0.6	8.701568616874509
122.251	Model3	4.907	5.659	0.207	105.128	0.6	8.753725907606256
122.471	Model3	5.237	4.907	0.194	105.167	0.6	8.718534793661748
122.645	Model3	7.538	5.237	0.135	105.247	0.6	8.736058519434968
122.866	Model3	7.968	7.538	0.127	105.285	0.6	8.884467923760946
123.129	Model3	6.503	7.968	0.158	105.288	0.6	8.787857962973828
123.51	Model3	3.335	6.503	0.304	105.19	0.6	8.75985046260521
123.647	Model3	8.314	3.335	0.204	105.299	0.6	8.676206906537919
123.804	Model3	7.875	8.314	0.129	105.392	0.6	8.794085703622633
124.126	Model3	4.581	7.875	0.222	105.345	0.6	8.83569412260375
124.359	Model3	4.589	4.581	0.222	105.372	0.6	8.703771568495211
124.587	Model3	4.738	4.589	0.219	105.404	0.6	8.829072782998216
124.822	Model3	4.563	4.738	0.222	105.43	0.6	8.780664677866751
125.044	Model3	4.835	4.563	0.21	105.467	0.6	8.744710084042374
125.275	Model3	4.813	4.835	0.21	105.496	0.6	8.850068259169623
125.495	Model3	5.113	4.813	0.198	105.534	0.6	8.698771392781
125.708	Model3	5.675	5.113	0.178	105.578	0.6	8.685729432424372
126.003	Model3	4.199	5.675	0.241	105.553	0.6	8.76689972304959
126.274	Model3	3.971	4.199	0.277	105.549	0.6	8.698121972260934
126.467	Model3	5.589	3.971	0.235	105.608	0.6	8.689004255107578
126.627	Model3	6.79	5.589	0.163	105.696	0.6	8.839381077424331
126.925	Model3	4.482	6.79	0.227	105.669	0.6	8.770474457896828
127.069	Model3	7.784	4.482	0.139	105.769	0.6	8.849489408388894
127.334	Model3	5.928	7.784	0.173	105.769	0.6	8.759758988335788
127.532	Model3	7.294	5.928	0.139	105.824	0.6	8.75166194408857
127.784	Model3	6.339	7.294	0.162	105.835	0.6	8.920236239395493
128.011	Model3	6.528	6.339	0.157	105.866	0.6	8.886124328928021
128.247	Model3	6.433	6.528	0.159	105.89	0.6	8.818083961248654
128.485	Model3	6.214	6.433	0.164	105.912	0.6	8.752812529346091
128.747	Model3	5.236	6.214	0.194	105.913	0.6	8.849526751315517
128.987	Model3	4.965	5.236	0.203	105.933	0.6	8.748029541752441
129.168	Model3	6.591	4.965	0.153	106.001	0.6	8.823853392435261
129.4	Model3	6.534	6.591	0.156	106.028	0.6	8.878600187127175
129.637	Model3	6.358	6.534	0.161	106.05	0.6	8.80446026734735
129.863	Model3	6.711	6.358	0.153	106.081	0.6	8.809860279105719
130.112	Model3	6.05	6.711	0.169	106.093	0.6	8.802390786071657
130.346	Model3	6.021	6.05	0.169	106.118	0.6	8.834168102413319
130.593	Model3	5.435	6.021	0.186	106.131	0.6	8.761186204534013
130.801	Model3	6.286	5.435	0.161	106.176	0.6	8.663107215221508
131.095	Model3	4.566	6.286	0.223	106.152	0.6	8.732257251890916
131.237	Model3	7.673	4.566	0.132	106.25	0.6	8.707313073101668
131.498	Model3	6.39	7.673	0.161	106.252	0.6	8.773373048411118
131.737	Model3	6.202	6.39	0.165	106.273	0.6	8.746241828361711
132.056	Model3	3.985	6.202	0.253	106.228	0.6	8.826601625879388
132.262	Model3	5.181	3.985	0.225	106.274	0.6	8.736695418878977
132.479	Model3	4.893	5.181	0.207	106.312	0.6	8.737987700204997
132.717	Model3	4.737	4.893	0.214	106.331	0.6	8.769502574835402
132.919	Model3	5.456	4.737	0.185	106.38	0.6	8.837779294883141
133.168	Model3	5.026	5.456	0.201	106.392	0.6	8.684074966665838
133.396	Model3	5.1	5.026	0.198	106.42	0.6	8.778036825736995
133.596	Model3	6.058	5.1	0.167	106.47	0.6	8.81491491512529
133.832	Model3	5.891	6.058	0.172	106.492	0.6	8.791136560848113
134.136	Model3	4.14	5.891	0.243	106.459	0.6	8.744819476558119
134.296	Model3	6.855	4.14	0.17	106.541	0.6	8.686161135870375
134.532	Model3	5.816	6.855	0.175	106.562	0.6	8.794749533454949
134.78	Model3	5.43	5.816	0.187	106.573	0.6	8.618550939053959
135.108	Model3	3.553	5.43	0.283	106.522	0.6	8.703554835269045
135.349	Model3	4.491	3.553	0.288	106.539	0.6	8.647995991777371
135.475	Model3	8.611	4.491	0.18	106.647	0.6	8.728404798817984
135.717	Model3	5.208	8.611	0.193	106.663	0.6	8.910912208169655
135.981	Model3	4.426	5.208	0.227	106.662	0.6	8.71322802323359
136.163	Model3	5.974	4.426	0.175	106.725	0.6	8.659226135176537
136.423	Model3	4.89	5.974	0.206	106.727	0.6	8.837053096431514
136.593	Model3	7.083	4.89	0.143	106.799	0.6	8.661371924651112
136.842	Model3	6.388	7.083	0.16	106.809	0.6	8.805218088646207
137.092	Model3	5.921	6.388	0.173	106.819	0.6	8.658993738477704
137.315	Model3	6.142	5.921	0.165	106.849	0.6	8.882191374691613
137.547	Model3	6.123	6.142	0.166	106.872	0.6	8.707313073101668
137.781	Model3	5.955	6.123	0.17	106.895	0.6	8.858030466544035
138.009	Model3	6.013	5.955	0.169	106.921	0.6	8.868256522263124
138.251	Model3	5.706	6.013	0.178	106.936	0.6	8.682942380825214
138.595	Model3	3.429	5.706	0.293	106.872	0.6	8.906692488681633
138.865	Model3	4.037	3.429	0.329	106.866	0.6	8.714404735439127
139.003	Model3	7.812	4.037	0.231	106.962	0.6	8.701315890471774
139.15	Model3	7.289	7.812	0.147	107.05	0.6	8.805513859176575
139.41	Model3	5.697	7.289	0.177	107.051	0.6	8.756448905627604
139.605	Model3	7.191	5.697	0.141	107.102	0.6	8.825357281128486
139.848	Model3	6.525	7.191	0.155	107.116	0.6	8.74447307631366
140.098	Model3	5.866	6.525	0.174	107.125	0.6	8.79318231847294
