1.298	Model2	2.118	10.0	0.474	23.106	0.6	15
1.551	Model2	4.313	2.118	0.32	38.679	0.6	4.947332538326073
1.894	Model2	4.021	4.313	0.251	47.522	0.6	4.906221231847186
2.325	Model2	3.712	4.021	0.273	51.607	0.6	4.9155705879388565
2.742	Model2	3.649	3.712	0.278	54.713	0.6	4.936769439916197
3.168	Model2	3.538	3.649	0.287	56.824	0.6	4.815841293133044
3.582	Model2	3.534	3.538	0.287	58.625	0.6	4.895147106365448
3.994	Model2	3.607	3.534	0.281	60.09	0.6	4.797827521793987
4.411	Model2	3.584	3.607	0.283	61.21	0.6	4.899647447204694
4.828	Model2	3.574	3.584	0.284	62.139	0.6	4.880729845466393
5.24	Model2	3.597	3.574	0.282	62.972	0.6	4.8943359810308635
5.647	Model2	3.712	3.597	0.274	63.751	0.6	4.896958828364343
6.066	Model2	3.657	3.712	0.277	64.297	0.6	4.920287500395917
6.489	Model2	3.521	3.657	0.288	64.726	0.6	4.906869821779121
6.913	Model2	3.426	3.521	0.296	65.09	0.6	4.87436576244477
7.308	Model2	3.722	3.426	0.272	65.68	0.6	4.8243162884212145
7.717	Model2	3.813	3.722	0.266	66.09	0.6	4.886569664687248
8.145	Model2	3.589	3.813	0.283	66.295	0.6	4.930478706084127
8.557	Model2	3.616	3.589	0.281	66.614	0.6	4.90276879989059
8.973	Model2	3.606	3.616	0.281	66.868	0.6	4.877806657944468
9.385	Model2	3.604	3.606	0.281	67.128	0.6	4.96110181941195
9.794	Model2	3.666	3.604	0.277	67.388	0.6	4.923238725731859
10.207	Model2	3.714	3.666	0.273	67.599	0.6	4.8990408200451325
10.627	Model2	3.71	3.714	0.274	67.752	0.6	4.829882762345306
11.05	Model2	3.59	3.71	0.283	67.876	0.6	4.935613388498995
11.463	Model2	3.644	3.59	0.278	68.046	0.6	4.877262140234961
11.876	Model2	3.635	3.644	0.279	68.204	0.6	4.893102671879065
12.282	Model2	3.744	3.635	0.271	68.395	0.6	4.925748027612254
12.688	Model2	3.835	3.744	0.265	68.566	0.6	4.9306351994094015
13.05	Model2	4.662	3.835	0.216	68.963	0.6	4.899183878951973
13.516	Model2	3.751	4.662	0.27	68.81	0.6	4.931278665241708
13.939	Model2	3.636	3.751	0.279	68.87	0.6	4.887680070105274
14.356	Model2	3.588	3.636	0.283	68.962	0.6	4.934690098274866
14.775	Model2	3.561	3.588	0.285	69.036	0.6	4.87740393001421
15.185	Model2	3.641	3.561	0.279	69.147	0.6	4.891858573253013
15.584	Model2	3.854	3.641	0.263	69.302	0.6	4.917109221314838
16.013	Model2	3.63	3.854	0.279	69.32	0.6	4.923325410100654
16.425	Model2	3.676	3.63	0.276	69.408	0.6	4.910040621378317
16.829	Model2	3.809	3.676	0.266	69.524	0.6	4.915259520720759
17.25	Model2	3.677	3.809	0.276	69.564	0.6	4.925163837309933
17.661	Model2	3.741	3.677	0.271	69.645	0.6	4.903106946383023
18.068	Model2	3.82	3.741	0.266	69.737	0.6	4.9203683087430505
18.495	Model2	3.614	3.82	0.281	69.75	0.6	4.926575385587581
18.909	Model2	3.606	3.614	0.281	69.807	0.6	4.900655009078524
19.318	Model2	3.678	3.606	0.276	69.883	0.6	4.9318643071315185
19.739	Model2	3.578	3.678	0.284	69.913	0.6	4.91508672261069
20.135	Model2	3.804	3.578	0.267	70.028	0.6	4.910598232359598
20.398	Model2	3.969	3.804	0.313	70.594	0.6	12.682955150224975
20.658	Model2	4.03	3.969	0.411	71.157	0.6	12.579603564262598
20.916	Model2	4.094	4.03	0.507	71.715	0.6	12.497702663242016
21.177	Model2	4.012	4.094	0.595	72.247	0.6	12.492640182044546
21.403	Model2	4.676	4.012	0.657	72.888	0.6	12.459389611392654
21.783	Model2	2.719	4.676	0.872	72.994	0.6	12.643004198957646
22.052	Model2	3.915	2.719	0.978	73.463	0.6	12.269643463100127
22.285	Model2	4.546	3.915	1.048	74.039	0.6	12.582433867513034
22.662	Model2	2.744	4.546	1.266	74.133	0.6	12.75054339400093
22.929	Model2	3.969	2.744	1.372	74.579	0.6	11.993766209998656
23.173	Model2	4.293	3.969	1.447	75.089	0.6	12.538500630765828
23.429	Model2	4.08	4.293	1.544	75.547	0.6	12.176638457853711
23.678	Model2	4.211	4.08	1.628	76.019	0.6	12.098209340963633
23.945	Model2	3.914	4.211	1.736	76.425	0.6	12.144941132866565
24.199	Model2	4.173	3.914	1.831	76.864	0.6	12.69278070982424
24.463	Model2	3.953	4.173	1.929	77.26	0.6	12.484942654986323
24.727	Model2	3.96	3.953	2.025	77.647	0.6	12.385438567480097
24.977	Model2	4.195	3.96	2.111	78.071	0.6	12.463165902013454
25.236	Model2	4.045	4.195	2.208	78.46	0.6	12.389462925875382
25.491	Model2	4.099	4.045	2.298	78.851	0.6	12.297667600017592
25.75	Model2	4.09	4.099	2.392	79.225	0.6	12.561783080857996
26.018	Model2	3.898	4.09	2.497	79.559	0.6	12.777461630790414
26.277	Model2	4.041	3.898	2.583	79.918	0.6	12.675021380371158
26.528	Model2	4.171	4.041	2.671	80.292	0.6	12.325240521654296
26.806	Model2	3.746	4.171	2.789	80.578	0.6	12.30174335390319
27.056	Model2	4.231	3.746	2.873	80.943	0.6	12.607850327948682
27.301	Model2	4.285	4.231	2.958	81.315	0.6	12.219954899572887
27.557	Model2	4.101	4.285	3.052	81.649	0.6	12.618546776095695
27.805	Model2	4.218	4.101	3.13	81.999	0.6	12.616345315084976
28.073	Model2	3.914	4.218	3.236	82.286	0.6	12.46031496109776
28.326	Model2	4.157	3.914	3.325	82.61	0.6	12.228469802766805
28.587	Model2	4.018	4.157	3.424	82.906	0.6	12.211345188601241
28.847	Model2	4.065	4.018	3.522	83.198	0.6	12.59959386227365
29.126	Model2	3.744	4.065	3.637	83.43	0.6	12.517433306374356
29.387	Model2	4.004	3.744	3.738	83.71	0.6	12.580509122757553
29.648	Model2	4.011	4.004	3.836	83.986	0.6	12.624091787410533
29.92	Model2	3.869	4.011	3.944	84.225	0.6	12.687405471462968
30.181	Model2	4.009	3.869	4.044	84.491	0.6	12.727251762235513
30.438	Model2	4.083	4.009	4.137	84.762	0.6	12.419251108887085
30.709	Model2	3.857	4.083	4.243	84.992	0.6	12.255339042726952
30.959	Model2	4.233	3.857	4.332	85.273	0.6	12.489441023381017
31.228	Model2	3.88	4.233	4.435	85.499	0.6	12.7279855796367
31.465	Model2	4.443	3.88	4.51	85.81	0.6	12.54093748224692
31.701	Model2	4.453	4.443	4.58	86.118	0.6	12.480336117450673
31.948	Model2	4.248	4.453	4.663	86.39	0.6	12.605197990046403
32.206	Model2	4.058	4.248	4.76	86.629	0.6	12.607395562181757
32.471	Model2	3.955	4.058	4.864	86.846	0.6	12.593881270586682
32.722	Model2	4.179	3.955	4.95	87.098	0.6	12.460537065479922
32.985	Model2	3.99	4.179	5.051	87.313	0.6	12.087470748942351
33.239	Model2	4.167	3.99	5.14	87.549	0.6	12.793675001982661
33.502	Model2	3.972	4.167	5.24	87.756	0.6	12.766183327854682
33.768	Model2	3.934	3.972	5.344	87.953	0.6	12.511384415297742
34.032	Model2	3.965	3.934	5.442	88.153	0.6	12.399535272849825
34.283	Model2	4.191	3.965	5.529	88.383	0.6	12.007500565405216
34.542	Model2	4.083	4.191	5.626	88.589	0.6	12.47580719522896
34.791	Model2	4.198	4.083	5.712	88.816	0.6	12.56603581390193
35.038	Model2	4.295	4.198	5.798	89.045	0.6	12.791646080745608
35.301	Model2	3.99	4.295	5.898	89.234	0.6	12.662355619154576
35.539	Model2	4.409	3.99	5.972	89.48	0.6	12.656318648159324
35.79	Model2	4.169	4.409	6.063	89.689	0.6	12.710589875297362
36.053	Model2	3.976	4.169	6.163	89.867	0.6	12.752326659673766
36.306	Model2	4.142	3.976	6.256	90.067	0.6	12.645024359654624
36.554	Model2	4.22	4.142	6.344	90.276	0.6	12.247466149627844
36.807	Model2	4.142	4.22	6.432	90.472	0.6	11.558887076149743
37.07	Model2	4.019	4.142	6.533	90.638	0.6	12.330820701576961
37.335	Model2	3.96	4.019	6.632	90.799	0.6	12.4674632899352
37.556	Model2	4.768	3.96	6.693	91.063	0.6	12.420869338608513
37.833	Model2	3.74	4.768	6.809	91.191	0.6	12.71903107051667
38.102	Model2	3.91	3.74	6.915	91.333	0.6	12.487916419794622
38.331	Model2	4.601	3.91	6.983	91.57	0.6	12.435489274649036
38.583	Model2	4.175	4.601	7.072	91.751	0.6	12.801640835312144
38.851	Model2	3.9	4.175	7.174	91.89	0.6	12.437517421344483
39.1	Model2	4.216	3.9	7.261	92.073	0.6	12.371519840485622
39.374	Model2	3.815	4.216	7.374	92.193	0.6	12.258992637538325
39.628	Model2	4.153	3.815	7.465	92.359	0.6	12.639803756708947
39.875	Model2	4.239	4.153	7.553	92.539	0.6	12.668053990872655
40.129	Model2	4.123	4.239	7.643	92.702	0.6	12.684451030499146
40.376	Model2	4.159	4.123	7.726	92.876	0.6	12.78318617784835
40.627	Model2	4.104	4.159	7.812	93.041	0.6	12.78318617784835
40.874	Model2	4.171	4.104	7.894	93.212	0.6	1.9951698887228746
41.133	Model2	3.967	4.171	7.991	93.356	0.6	1.9951698887228746
41.389	Model2	4.018	3.967	8.084	93.503	0.6	1.996989972446964
41.653	Model2	3.895	4.018	8.182	93.631	0.6	1.996989972446964
41.91	Model2	4.027	3.895	8.279	93.773	0.6	1.9922245227248654
42.169	Model2	3.974	4.027	8.374	93.909	0.6	1.9922245227248654
42.433	Model2	3.883	3.974	8.473	94.031	0.6	1.9880639490212788
42.69	Model2	4.025	3.883	8.566	94.168	0.6	1.991119888155974
42.934	Model2	4.217	4.025	8.644	94.331	0.6	1.991119888155974
43.2	Model2	3.856	4.217	8.748	94.444	0.6	1.9952515123852184
43.444	Model2	4.227	3.856	8.831	94.604	0.6	1.9952515123852184
43.701	Model2	4.004	4.227	8.924	94.734	0.6	1.9943141915553524
43.941	Model2	4.31	4.004	9.003	94.9	0.6	1.9943141915553524
44.207	Model2	3.873	4.31	9.105	95.008	0.6	1.9951860231032836
44.46	Model2	4.063	3.873	9.195	95.141	0.6	1.9951860231032836
44.713	Model2	4.07	4.063	9.287	95.274	0.6	1.9933569090664551
44.96	Model2	4.167	4.07	9.373	95.418	0.6	1.9933569090664551
45.258	Model2	3.443	4.167	9.508	95.454	0.6	1.9943910035424741
45.492	Model2	4.391	3.443	9.581	95.621	0.6	1.9943910035424741
45.762	Model2	3.802	4.391	9.689	95.712	0.6	1.996306576958371
46.016	Model2	4.059	3.802	9.778	95.837	0.6	1.996306576958371
46.263	Model2	4.168	4.059	9.864	95.973	0.6	1.97976574941966
46.512	Model2	4.128	4.168	9.945	96.104	0.6	1.97976574941966
46.772	Model2	3.957	4.128	10.04	96.211	0.6	1.9901486714561527
47.023	Model2	4.099	3.957	10.126	96.335	0.6	1.9901486714561527
47.242	Model2	4.726	4.099	10.169	96.524	0.6	1.9868246221446204
47.49	Model2	4.154	4.726	10.252	96.652	0.6	1.9868246221446204
47.754	Model2	3.878	4.154	10.353	96.745	0.6	1.9946100924520846
48.024	Model2	3.807	3.878	10.458	96.826	0.6	1.9946100924520846
48.28	Model2	4.022	3.807	10.548	96.934	0.6	1.9875881886868274
48.545	Model2	3.891	4.022	10.651	97.024	0.6	1.9875881886868274
48.794	Model2	4.127	3.891	10.736	97.143	0.6	1.9875213178671092
49.063	Model2	3.818	4.127	10.846	97.221	0.6	1.9875213178671092
49.314	Model2	4.105	3.818	10.938	97.336	0.6	1.9848990136325326
49.565	Model2	4.099	4.105	11.023	97.448	0.6	1.9848990136325326
49.813	Model2	4.137	4.099	11.113	97.564	0.6	1.9775227500001178
50.075	Model2	3.931	4.137	11.209	97.654	0.6	1.9775227500001178
50.328	Model2	4.063	3.931	11.3	97.758	0.6	1.9726139755731524
50.587	Model2	3.976	4.063	11.395	97.851	0.6	1.9726139755731524
50.843	Model2	4.029	3.976	11.486	97.948	0.6	1.9839094562807658
51.103	Model2	3.951	4.029	11.584	98.036	0.6	1.9839094562807658
51.357	Model2	4.068	3.951	11.677	98.137	0.6	1.9807811097992916
51.614	Model2	4.009	4.068	11.77	98.23	0.6	1.9807811097992916
51.861	Model2	4.161	4.009	11.436	98.34	0.6	1.9810458729549214
52.13	Model2	3.821	4.161	10.701	98.408	0.6	1.9810458729549214
52.388	Model2	3.979	3.821	9.953	98.495	0.6	1.985122598703469
52.641	Model2	4.06	3.979	9.202	98.592	0.6	1.985122598703469
52.886	Model2	4.209	4.06	8.441	98.704	0.6	1.9809148858695063
53.131	Model2	4.199	4.209	7.683	98.812	0.6	1.9809148858695063
53.383	Model2	4.092	4.199	6.924	98.909	0.6	1.9640613132314944
53.631	Model2	4.146	4.092	6.166	99.009	0.6	1.9640613132314944
53.888	Model2	4.003	4.146	5.415	99.094	0.6	1.9869752176679225
54.137	Model2	4.145	4.003	4.649	99.193	0.6	1.9869752176679225
54.391	Model2	4.048	4.145	3.886	99.281	0.6	1.9859431551953697
54.644	Model2	4.057	4.048	3.124	99.37	0.6	1.9859431551953697
54.897	Model2	4.079	4.057	2.362	99.46	0.6	1.9472217657059399
55.155	Model2	3.976	4.079	1.602	99.538	0.6	1.9472217657059399
55.433	Model2	3.685	3.976	0.858	99.579	0.6	1.9830090098864321
55.857	Model2	3.747	3.685	0.271	99.36	0.6	1.9830090098864321
56.888	Model2	3.528	3.747	0.287	98.087	0.6	1.9906454985673991
57.89	Model2	3.69	3.528	0.275	96.908	0.6	1.9861876673978187
58.917	Model2	3.545	3.69	0.286	95.728	0.6	1.9851874290041651
59.946	Model2	3.372	3.545	0.301	94.585	0.6	1.9828571401557145
60.405	Model2	3.525	3.372	0.288	94.363	0.6	1.9887332251320866
60.667	Model2	4.024	3.525	0.317	94.45	0.6	8.862204192021636
60.912	Model2	4.245	4.024	0.326	94.562	0.6	8.400570412267069
61.164	Model2	4.117	4.245	0.347	94.663	0.6	8.657724715042377
61.442	Model2	3.749	4.117	0.394	94.723	0.6	8.877998806192558
61.701	Model2	4.011	3.749	0.421	94.812	0.6	8.88463730048614
61.953	Model2	4.124	4.011	0.445	94.911	0.6	8.646409340908528
62.188	Model2	4.463	4.124	0.448	95.035	0.6	8.752648141501323
62.433	Model2	4.234	4.463	0.463	95.142	0.6	8.799417610566927
62.704	Model2	3.869	4.234	0.504	95.209	0.6	8.871426516747464
62.957	Model2	4.107	3.869	0.527	95.302	0.6	8.79076805707507
63.213	Model2	4.06	4.107	0.553	95.391	0.6	8.726352757111233
63.459	Model2	4.233	4.06	0.569	95.495	0.6	8.626740546032686
63.721	Model2	3.955	4.233	0.6	95.572	0.6	8.70595756516541
63.968	Model2	4.27	3.955	0.614	95.673	0.6	8.80375801285415
64.227	Model2	4.019	4.27	0.641	95.754	0.6	8.832400811157415
64.486	Model2	3.999	4.019	0.668	95.834	0.6	8.773556567976538
64.739	Model2	4.098	3.999	0.69	95.923	0.6	8.392821196240513
65.001	Model2	3.966	4.098	0.721	95.999	0.6	8.649440528579854
65.255	Model2	4.11	3.966	0.739	96.084	0.6	8.853505577895282
65.525	Model2	3.829	4.11	0.776	96.146	0.6	8.864002164063029
65.776	Model2	4.159	3.829	0.795	96.235	0.6	8.285781452178465
66.036	Model2	3.993	4.159	0.819	96.311	0.6	8.732893597175028
66.3	Model2	3.978	3.993	0.846	96.38	0.6	8.894283599782007
66.543	Model2	4.284	3.978	0.854	96.479	0.6	8.842455891064791
66.798	Model2	4.069	4.284	0.875	96.56	0.6	8.782411323757277
67.036	Model2	4.389	4.069	0.882	96.665	0.6	8.785869893085765
67.294	Model2	4.02	4.389	0.91	96.74	0.6	8.250705704849151
67.538	Model2	4.249	4.02	0.925	96.834	0.6	8.620056517494733
67.797	Model2	4.044	4.249	0.954	96.907	0.6	8.883414169225881
68.056	Model2	4.004	4.044	0.975	96.979	0.6	8.426273442287023
68.311	Model2	4.064	4.004	0.997	97.055	0.6	8.917353562111861
68.557	Model2	4.237	4.064	1.013	97.146	0.6	8.624806963502479
68.801	Model2	4.267	4.237	1.02	97.237	0.6	8.721163402878565
69.034	Model2	4.473	4.267	1.021	97.344	0.6	8.626332470214162
69.287	Model2	4.105	4.473	1.044	97.421	0.6	8.667188781825432
69.544	Model2	4.137	4.105	1.07	97.493	0.6	8.755224260692227
69.807	Model2	3.937	4.137	1.1	97.555	0.6	8.899907697204393
70.062	Model2	4.064	3.937	1.123	97.627	0.6	8.812062869112324
70.331	Model2	3.894	4.064	1.158	97.681	0.6	8.352841134263086
70.588	Model2	4.081	3.894	1.181	97.75	0.6	8.834261137333948
70.846	Model2	4.009	4.081	1.205	97.818	0.6	8.834149495664334
71.099	Model2	4.097	4.009	1.229	97.891	0.6	8.794399166332934
71.354	Model2	4.078	4.097	1.247	97.962	0.6	8.77107970146195
71.602	Model2	4.203	4.078	1.264	98.042	0.6	8.621810736809216
71.863	Model2	4.007	4.203	1.294	98.104	0.6	8.736622625670977
72.138	Model2	3.795	4.007	1.337	98.145	0.6	8.865744645321936
72.4	Model2	3.96	3.795	1.371	98.205	0.6	8.731021188989802
72.65	Model2	4.164	3.96	1.388	98.279	0.6	8.710513745997067
72.875	Model2	4.64	4.164	1.38	98.388	0.6	8.75202717647599
73.106	Model2	4.506	4.64	1.38	98.487	0.6	8.805236573722242
73.389	Model2	3.664	4.506	1.426	98.515	0.6	8.803369972903369
73.648	Model2	4.062	3.664	1.453	98.577	0.6	8.747263289391636
73.904	Model2	4.06	4.062	1.469	98.642	0.6	8.665774119436042
74.156	Model2	4.113	4.06	1.491	98.711	0.6	8.430592349902515
74.397	Model2	4.319	4.113	1.503	98.794	0.6	8.695939908236909
74.65	Model2	4.16	4.319	1.527	98.862	0.6	8.791081283312618
74.885	Model2	4.429	4.16	1.534	98.952	0.6	8.824001901840619
75.141	Model2	4.058	4.429	1.559	99.013	0.6	8.823723450806153
75.399	Model2	4.026	4.058	1.582	99.073	0.6	8.810841128562997
75.651	Model2	4.117	4.026	1.604	99.139	0.6	8.353939152517054
75.909	Model2	4.096	4.117	1.626	99.198	0.6	8.727805430240881
76.169	Model2	4.027	4.096	1.654	99.253	0.6	8.912502735816782
76.426	Model2	4.052	4.027	1.678	99.312	0.6	8.799565298574002
76.679	Model2	4.113	4.052	1.699	99.376	0.6	8.79133925109255
76.937	Model2	4.011	4.113	1.726	99.432	0.6	8.77333634541933
77.218	Model2	3.769	4.011	1.772	99.459	0.6	8.865182479746196
77.476	Model2	4.016	3.769	1.8	99.514	0.6	8.812581285652755
77.736	Model2	3.988	4.016	1.829	99.568	0.6	8.623884825817965
77.986	Model2	4.152	3.988	1.847	99.633	0.6	8.67904351208853
78.242	Model2	4.101	4.152	1.875	99.69	0.6	8.769685932511349
78.496	Model2	4.085	4.101	1.9	99.75	0.6	8.932451369159933
78.77	Model2	3.772	4.085	1.942	99.784	0.6	8.680642163670193
79.053	Model2	3.652	3.772	1.995	99.806	0.6	8.717175789871849
79.306	Model2	4.14	3.652	2.018	99.866	0.6	8.859096919184026
79.564	Model2	4.02	4.14	2.041	99.92	0.6	8.88685861511504
79.806	Model2	4.285	4.02	2.051	99.992	0.6	8.631356263556256
80.079	Model2	3.791	4.285	2.092	100.026	0.6	8.644734184415874
80.324	Model2	4.301	3.791	2.107	100.095	0.6	8.733239080598581
80.61	Model2	3.871	4.301	2.162	100.112	0.6	3.1230274939036877
80.936	Model2	3.184	3.871	2.26	100.079	0.6	8.770786239604528
81.39	Model2	2.259	3.184	2.482	99.89	0.6	8.536685343976618
81.808	Model2	2.485	2.259	2.668	99.746	0.6	8.733857382323238
82.258	Model2	2.298	2.485	2.889	99.565	0.6	8.763236354139462
82.715	Model2	2.354	2.298	3.115	99.377	0.6	8.742504585626147
83.17	Model2	2.327	2.354	3.338	99.195	0.6	8.787268811437286
83.659	Model2	2.198	2.327	3.389	98.973	0.6	8.735876565220652
84.146	Model2	2.168	2.198	3.643	98.757	0.6	8.826917410958558
84.579	Model2	2.399	2.168	3.84	98.606	0.6	8.781896450645718
84.968	Model2	2.714	2.399	3.997	98.508	0.6	8.729785475971935
85.381	Model2	2.604	2.714	4.181	98.383	0.6	8.842996533897805
85.824	Model2	2.335	2.604	4.396	98.224	0.6	8.809712245326612
86.217	Model2	2.66	2.335	4.561	98.124	0.6	8.659279766955494
86.696	Model2	2.195	2.66	4.811	97.928	0.6	8.845197072903266
87.186	Model2	2.224	2.195	5.073	97.722	0.6	8.79653868497713
87.641	Model2	2.321	2.224	5.298	97.557	0.6	8.809601223257006
88.09	Model2	2.314	2.321	5.519	97.4	0.6	8.886971592991793
88.495	Model2	2.558	2.314	5.695	97.294	0.6	8.823018120164415
88.942	Model2	2.324	2.558	5.912	97.142	0.6	8.762229464360324
89.419	Model2	2.222	2.324	6.155	96.959	0.6	8.840219450866991
89.884	Model2	2.283	2.222	6.391	96.792	0.6	8.702381051181396
90.307	Model2	2.516	2.283	6.586	96.67	0.6	8.75275773271174
90.738	Model2	2.429	2.516	6.787	96.542	0.6	8.738570261846426
91.231	Model2	2.113	2.429	7.051	96.349	0.6	8.639961767747305
91.714	Model2	2.224	2.113	7.305	96.169	0.6	8.755900514794604
92.18	Model2	2.274	2.224	7.541	96.008	0.6	8.701640827114622
92.676	Model2	2.173	2.274	7.808	95.818	0.6	8.859284042616109
93.095	Model2	2.511	2.173	7.999	95.709	0.6	8.748741182016529
93.506	Model2	2.519	2.511	8.178	95.609	0.6	8.860706439073855
93.981	Model2	2.221	2.519	8.425	95.445	0.6	8.772767488313237
94.373	Model2	2.726	2.221	8.586	95.367	0.6	8.832847217981143
94.83	Model2	2.391	2.726	8.813	95.223	0.6	8.73740521623198
95.298	Model2	2.324	2.391	9.055	95.07	0.6	8.86848153590798
95.684	Model2	2.758	2.324	9.211	95.0	0.6	8.852776792800094
96.002	Model2	3.377	2.758	9.299	94.998	0.6	8.855804840146783
96.246	Model2	4.383	3.377	9.314	95.069	0.6	8.730548669176986
96.492	Model2	4.198	4.383	9.332	95.137	0.6	8.781970000251254
96.754	Model2	3.953	4.198	9.361	95.189	0.6	8.69833843499324
97.012	Model2	4.036	3.953	9.391	95.246	0.6	8.740828422096813
97.268	Model2	4.047	4.036	9.42	95.304	0.6	8.668657654175803
97.539	Model2	3.853	4.047	9.461	95.347	0.6	8.70677081927806
97.802	Model2	3.93	3.853	9.496	95.396	0.6	8.757417897328075
98.129	Model2	3.159	3.93	9.594	95.385	0.6	8.777944971255046
98.356	Model2	4.621	3.159	9.593	95.469	0.6	8.81448884293526
98.618	Model2	3.982	4.621	9.625	95.52	0.6	8.915079079989713
98.879	Model2	3.96	3.982	9.659	95.571	0.6	8.34763779370848
99.122	Model2	4.323	3.96	9.671	95.639	0.6	8.779341366874098
99.379	Model2	4.045	4.323	9.696	95.694	0.6	8.849620110010909
99.635	Model2	4.072	4.045	9.721	95.75	0.6	8.87538750298893
99.886	Model2	4.123	4.072	9.742	95.809	0.6	8.822016002153813
100.143	Model2	4.049	4.123	9.769	95.863	0.6	8.567707354539289
100.406	Model2	3.944	4.049	9.804	95.911	0.6	8.75074899646991
100.663	Model2	4.064	3.944	9.832	95.964	0.6	8.791431386111634
100.919	Model2	4.073	4.064	9.859	96.018	0.6	8.882097327516835
101.181	Model2	3.949	4.073	9.892	96.065	0.6	8.769355894215028
101.434	Model2	4.104	3.949	9.918	96.121	0.6	8.419287885053134
101.686	Model2	4.168	4.104	9.936	96.179	0.6	8.87593218043458
101.939	Model2	4.091	4.168	9.962	96.234	0.6	8.872740196057691
102.201	Model2	3.964	4.091	9.994	96.281	0.6	8.929522771400347
102.447	Model2	4.223	3.964	10.009	96.343	0.6	8.70505412764827
102.7	Model2	4.101	4.223	10.024	96.397	0.6	8.58981584638574
102.946	Model2	4.226	4.101	10.042	96.458	0.6	8.694083311223135
103.206	Model2	4.033	4.226	10.075	96.506	0.6	8.931595411443283
103.461	Model2	4.054	4.033	10.102	96.558	0.6	8.843425366604468
103.715	Model2	4.106	4.054	10.127	96.611	0.6	8.768677560167918
103.977	Model2	3.956	4.106	10.158	96.656	0.6	8.346591259599178
104.219	Model2	4.288	3.956	10.172	96.719	0.6	8.803591705829385
104.47	Model2	4.174	4.288	10.196	96.774	0.6	8.829909202102689
104.734	Model2	3.943	4.174	10.229	96.817	0.6	8.85309445360272
104.992	Model2	4.037	3.943	10.256	96.865	0.6	8.798679244887213
105.235	Model2	4.271	4.037	10.273	96.926	0.6	8.636225868089873
105.502	Model2	3.894	4.271	10.312	96.965	0.6	8.109464029187315
105.755	Model2	4.138	3.894	10.335	97.017	0.6	8.755553236126042
106.007	Model2	4.125	4.138	10.357	97.069	0.6	8.881871622422876
106.273	Model2	3.891	4.125	10.393	97.108	0.6	8.812988655727922
106.531	Model2	4.025	3.891	10.419	97.155	0.6	8.75544357490121
106.769	Model2	4.36	4.025	10.431	97.219	0.6	8.672206496860326
107.015	Model2	4.291	4.36	10.446	97.276	0.6	8.747153835726426
107.277	Model2	3.952	4.291	10.477	97.318	0.6	8.87347227188007
107.541	Model2	3.922	3.952	10.509	97.358	0.6	8.870263297028655
107.789	Model2	4.203	3.922	10.523	97.413	0.6	8.685603527002318
108.034	Model2	4.237	4.203	10.535	97.47	0.6	8.563946235219893
108.289	Model2	4.069	4.237	10.56	97.517	0.6	8.697544790975448
108.549	Model2	4.039	4.069	10.589	97.56	0.6	8.78261361185504
108.811	Model2	3.944	4.039	10.621	97.6	0.6	8.929522771400347
109.065	Model2	4.087	3.944	10.648	97.648	0.6	8.724519447778363
109.307	Model2	4.305	4.087	10.655	97.706	0.6	8.673964069974005
109.555	Model2	4.201	4.305	10.67	97.759	0.6	8.745548829945392
109.82	Model2	3.942	4.201	10.704	97.796	0.6	8.864002164063029
110.087	Model2	3.896	3.942	10.738	97.832	0.6	8.937704834193513
110.366	Model2	3.709	3.896	10.787	97.857	0.6	8.591452186114156
110.627	Model2	3.971	3.709	10.816	97.896	0.6	8.714549583522924
110.887	Model2	4.03	3.971	10.844	97.938	0.6	8.758972388474245
111.15	Model2	3.933	4.03	10.877	97.975	0.6	8.861567585154887
111.398	Model2	4.194	3.933	10.891	98.027	0.6	8.702471331024737
111.644	Model2	4.23	4.194	10.909	98.079	0.6	8.68058826694703
111.855	Model2	4.966	4.23	10.887	98.163	0.6	8.619950224114794
112.104	Model2	4.179	4.966	10.899	98.213	0.6	8.885559575964544
112.361	Model2	4.031	4.179	10.923	98.255	0.6	8.65847536002114
112.62	Model2	4.042	4.031	10.951	98.295	0.6	8.819585883797656
112.881	Model2	3.969	4.042	10.983	98.334	0.6	8.74894192199947
113.127	Model2	4.223	3.969	10.999	98.385	0.6	8.7048915288077
113.381	Model2	4.077	4.223	11.02	98.429	0.6	8.390437115291133
113.639	Model2	4.047	4.077	11.046	98.47	0.6	8.75016480994701
113.9	Model2	3.991	4.047	11.075	98.507	0.6	8.766386667028945
114.161	Model2	3.975	3.991	11.104	98.545	0.6	8.789183842820382
114.414	Model2	4.112	3.975	11.125	98.589	0.6	8.752995189749262
114.664	Model2	4.15	4.112	11.146	98.636	0.6	8.703157519053637
114.925	Model2	4.013	4.15	11.169	98.673	0.6	8.807695780634134
115.185	Model2	3.991	4.013	11.198	98.711	0.6	8.905066220525603
115.438	Model2	4.174	3.991	11.218	98.754	0.6	8.756558592037413
115.683	Model2	4.233	4.174	11.231	98.805	0.6	8.024719088225334
115.925	Model2	4.293	4.233	11.244	98.857	0.6	8.747226804532211
116.178	Model2	4.114	4.293	11.267	98.9	0.6	8.569685453635314
116.444	Model2	4.005	4.114	11.291	98.932	0.6	8.834521645536826
116.703	Model2	4.001	4.005	11.318	98.969	0.6	8.85767503938571
116.957	Model2	4.098	4.001	11.338	99.011	0.6	8.758167641813984
117.216	Model2	3.997	4.098	11.367	99.048	0.6	8.583715861532637
117.473	Model2	4.089	3.997	11.394	99.087	0.6	8.763803975812484
117.74	Model2	3.868	4.089	11.43	99.116	0.6	8.862054393941955
117.992	Model2	4.122	3.868	11.451	99.159	0.6	8.747208562216633
118.246	Model2	4.086	4.122	11.472	99.2	0.6	8.730185227199405
118.477	Model2	4.507	4.086	11.47	99.26	0.6	8.686359014291897
118.752	Model2	3.778	4.507	11.513	99.283	0.6	8.660120084901843
119.008	Model2	4.08	3.778	11.54	99.321	0.6	8.883131955989962
119.272	Model2	3.922	4.08	11.572	99.352	0.6	8.763382830112596
119.523	Model2	4.148	3.922	11.586	99.395	0.6	8.700864629835538
119.776	Model2	4.113	4.148	11.607	99.436	0.6	8.69561539721404
120.021	Model2	4.296	4.113	11.619	99.483	0.6	8.257186617791234
120.271	Model2	4.147	4.296	11.639	99.525	0.6	8.36049999900335
120.523	Model2	4.128	4.147	11.659	99.566	0.6	8.831266396877066
120.79	Model2	3.883	4.128	11.694	99.594	0.6	8.819660066069059
121.054	Model2	3.923	3.883	11.727	99.625	0.6	8.408367664010424
121.295	Model2	4.362	3.923	11.737	99.674	0.6	8.814285083838916
121.55	Model2	4.084	4.362	11.762	99.712	0.6	8.74095593368692
121.808	Model2	4.017	4.084	11.788	99.747	0.6	8.87431712487887
122.059	Model2	4.14	4.017	11.804	99.788	0.6	8.76702799643826
122.304	Model2	4.255	4.14	11.813	99.834	0.6	8.570490959134759
122.564	Model2	3.979	4.255	11.842	99.866	0.6	8.663125108436123
122.814	Model2	4.182	3.979	11.862	99.907	0.6	8.768402589773448
123.073	Model2	4.017	4.182	11.891	99.94	0.6	8.796963023553346
123.318	Model2	4.246	4.017	11.903	99.985	0.6	8.432948442912835
123.585	Model2	3.89	4.246	11.93	100.013	0.6	8.671471396969133
123.827	Model2	4.282	3.89	11.946	100.059	0.6	8.533715294874039
124.087	Model2	4.047	4.282	11.973	100.091	0.6	8.833033234142654
124.328	Model2	4.312	4.047	11.982	100.138	0.6	8.885408987297794
124.594	Model2	3.904	4.312	12.017	100.165	0.6	8.757436182251713
124.848	Model2	4.083	3.904	12.041	100.202	0.6	8.77150158728831
125.1	Model2	4.122	4.083	12.057	100.24	0.6	8.725753670313576
125.359	Model2	4.063	4.122	12.086	100.272	0.6	8.80536597142767
125.635	Model2	3.742	4.063	12.128	100.291	0.6	8.92012241417078
125.883	Model2	4.195	3.742	12.144	100.332	0.6	8.712938419736263
126.153	Model2	3.827	4.195	12.183	100.354	0.6	8.628213488577806
126.407	Model2	4.138	3.827	12.205	100.39	0.6	8.840200818618298
126.668	Model2	3.979	4.138	12.235	100.42	0.6	8.85021765230914
126.923	Model2	4.066	3.979	12.258	100.454	0.6	8.776971431919577
127.171	Model2	4.199	4.066	12.275	100.495	0.6	8.553624524323244
127.44	Model2	3.845	4.199	12.315	100.518	0.6	8.53969223502201
127.699	Model2	4.049	3.845	12.336	100.549	0.6	8.742613922968856
127.948	Model2	4.173	4.049	12.354	100.588	0.6	8.764628073614196
128.204	Model2	4.054	4.173	12.375	100.621	0.6	8.786072340541413
128.452	Model2	4.199	4.054	12.392	100.66	0.6	8.666275465928344
128.706	Model2	4.109	4.199	12.415	100.695	0.6	8.72334000257896
128.957	Model2	4.179	4.109	12.435	100.732	0.6	8.845532844621783
129.22	Model2	3.942	4.179	12.467	100.759	0.6	8.883621136995673
129.468	Model2	4.185	3.942	12.482	100.797	0.6	8.654759153488065
129.726	Model2	4.03	4.185	12.508	100.828	0.6	8.577905212223344
129.978	Model2	4.118	4.03	12.527	100.863	0.6	8.636528177874052
130.214	Model2	4.476	4.118	12.531	100.911	0.6	8.49302120266557
130.475	Model2	3.97	4.476	12.561	100.939	0.6	8.816286035586291
130.729	Model2	4.094	3.97	12.585	100.972	0.6	8.88207851832087
130.996	Model2	3.895	4.094	12.621	100.996	0.6	8.703717384176734
131.246	Model2	4.153	3.895	12.639	101.032	0.6	8.757728751414623
131.505	Model2	4.039	4.153	12.668	101.061	0.6	8.797774915783247
131.779	Model2	3.778	4.039	12.711	101.078	0.6	8.90187214408357
132.038	Model2	4.015	3.778	12.738	101.107	0.6	8.721689314937462
132.303	Model2	3.91	4.015	12.771	101.132	0.6	8.324773635760986
132.569	Model2	3.951	3.91	12.798	101.155	0.6	8.756558592037413
132.795	Model2	4.599	3.951	12.787	101.208	0.6	8.822851084686079
133.012	Model2	4.843	4.599	12.771	101.269	0.6	8.8154336673035
133.236	Model2	4.672	4.843	12.768	101.324	0.6	8.841822118131168
133.497	Model2	3.957	4.672	12.795	101.351	0.6	8.790473276299299
133.75	Model2	4.108	3.957	12.816	101.383	0.6	8.599537454688601
133.992	Model2	4.31	4.108	12.827	101.424	0.6	8.593071544325685
134.251	Model2	3.998	4.31	12.853	101.452	0.6	8.705560029556077
134.51	Model2	4.048	3.998	12.881	101.48	0.6	8.702868584589528
134.771	Model2	3.965	4.048	12.911	101.506	0.6	8.855000897258611
135.031	Model2	3.974	3.965	12.937	101.532	0.6	8.593106754544653
135.268	Model2	4.397	3.974	12.943	101.576	0.6	8.616337808272647
135.519	Model2	4.136	4.397	12.963	101.609	0.6	8.758003052759282
135.776	Model2	4.048	4.136	12.987	101.638	0.6	8.676206906537919
136.052	Model2	3.777	4.048	13.033	101.652	0.6	8.79862387245647
136.304	Model2	4.117	3.777	13.05	101.685	0.6	8.771299810742704
136.566	Model2	3.967	4.117	13.079	101.709	0.6	8.749434686470023
136.842	Model2	3.741	3.967	13.125	101.723	0.6	8.353922513723022
137.1	Model2	4.082	3.741	13.152	101.751	0.6	8.87831827967004
137.363	Model2	3.953	4.082	13.184	101.774	0.6	8.840759820246697
137.634	Model2	3.818	3.953	13.225	101.792	0.6	8.8069375328084
137.89	Model2	4.086	3.818	13.251	101.82	0.6	8.870582214016364
138.149	Model2	4.01	4.086	13.279	101.846	0.6	8.812859033891538
138.385	Model2	4.432	4.01	13.283	101.89	0.6	8.794583566601457
138.63	Model2	4.231	4.432	13.298	101.926	0.6	8.724646483976853
138.874	Model2	4.25	4.231	13.311	101.963	0.6	8.402118606719606
139.116	Model2	4.298	4.25	13.32	102.001	0.6	8.698085896186308
139.357	Model2	4.337	4.298	13.328	102.04	0.6	8.635283508709804
139.616	Model2	4.049	4.337	13.356	102.065	0.6	8.869250418689628
139.876	Model2	3.984	4.049	13.386	102.09	0.6	8.867037896757445
140.11	Model2	4.459	3.984	13.39	102.134	0.6	8.785096997700206
140.364	Model2	4.073	4.459	13.411	102.163	0.6	8.907827446183122
140.582	Model2	4.754	4.073	13.394	102.218	0.6	8.907827446183122
140.804	Model2	4.665	4.754	13.383	102.27	0.6	8.907827446183122
141.022	Model2	4.734	4.665	13.371	102.324	0.6	8.907827446183122
141.243	Model2	4.669	4.734	13.363	102.376	0.6	8.907827446183122
141.463	Model2	4.716	4.669	13.351	102.429	0.6	8.907827446183122
141.841	Model2	2.702	4.716	13.496	102.368	0.6	8.907827446183122
142.159	Model2	3.251	2.702	13.582	102.35	0.6	8.907827446183122
142.399	Model2	4.301	3.251	13.589	102.389	0.6	8.907827446183122
142.661	Model2	3.921	4.301	13.623	102.411	0.6	8.907827446183122
142.967	Model2	3.351	3.921	13.696	102.401	0.6	8.907827446183122
143.226	Model2	3.967	3.351	13.72	102.426	0.6	8.907827446183122
143.477	Model2	4.11	3.967	13.74	102.455	0.6	8.907827446183122
143.732	Model2	4.033	4.11	13.758	102.482	0.6	8.907827446183122
143.986	Model2	4.065	4.033	13.779	102.51	0.6	8.907827446183122
144.231	Model2	4.207	4.065	13.793	102.544	0.6	8.907827446183122
144.487	Model2	4.032	4.207	13.817	102.57	0.6	8.907827446183122
144.742	Model2	4.028	4.032	13.844	102.596	0.6	8.907827446183122
144.996	Model2	4.055	4.028	13.867	102.624	0.6	8.907827446183122
145.248	Model2	4.091	4.055	13.887	102.652	0.6	8.907827446183122
145.511	Model2	3.905	4.091	13.921	102.673	0.6	8.907827446183122
145.785	Model2	3.762	3.905	13.962	102.686	0.6	8.907827446183122
146.044	Model2	3.957	3.762	13.985	102.709	0.6	8.907827446183122
146.301	Model2	4.005	3.957	14.009	102.733	0.6	8.907827446183122
146.567	Model2	3.865	4.005	14.045	102.751	0.6	8.907827446183122
146.819	Model2	4.099	3.865	14.067	102.78	0.6	8.907827446183122
147.068	Model2	4.134	4.099	14.089	102.809	0.6	8.907827446183122
147.319	Model2	4.113	4.134	14.111	102.838	0.6	8.907827446183122
147.591	Model2	3.781	4.113	14.152	102.852	0.6	8.907827446183122
147.855	Model2	3.889	3.781	14.182	102.871	0.6	8.907827446183122
148.102	Model2	4.187	3.889	14.198	102.902	0.6	8.907827446183122
148.355	Model2	4.066	4.187	14.218	102.928	0.6	8.907827446183122
148.617	Model2	3.937	4.066	14.245	102.95	0.6	8.907827446183122
148.878	Model2	3.933	3.937	14.276	102.97	0.6	8.907827446183122
149.13	Model2	4.099	3.933	14.292	102.998	0.6	8.907827446183122
149.399	Model2	3.817	4.099	14.329	103.013	0.6	8.907827446183122
149.653	Model2	4.054	3.817	14.353	103.038	0.6	8.907827446183122
149.928	Model2	3.74	4.054	14.395	103.05	0.6	8.907827446183122
150.186	Model2	3.995	3.74	14.422	103.072	0.6	8.907827446183122
150.438	Model2	4.084	3.995	14.443	103.099	0.6	8.907827446183122
150.688	Model2	4.122	4.084	14.464	103.127	0.6	8.907827446183122
150.949	Model2	3.948	4.122	14.488	103.147	0.6	8.907827446183122
151.198	Model2	4.148	3.948	14.506	103.176	0.6	8.907827446183122
151.461	Model2	3.914	4.148	14.539	103.195	0.6	8.907827446183122
151.719	Model2	3.988	3.914	14.568	103.217	0.6	8.907827446183122
151.978	Model2	3.979	3.988	14.595	103.239	0.6	8.907827446183122
152.249	Model2	3.788	3.979	14.635	103.252	0.6	8.907827446183122
152.517	Model2	3.836	3.788	14.671	103.267	0.6	8.907827446183122
152.774	Model2	4.004	3.836	14.7	103.29	0.6	8.907827446183122
153.038	Model2	3.901	4.004	14.732	103.307	0.6	8.907827446183122
153.303	Model2	3.885	3.901	14.76	103.325	0.6	8.907827446183122
153.551	Model2	4.138	3.885	14.777	103.353	0.6	8.907827446183122
153.806	Model2	4.036	4.138	14.797	103.377	0.6	8.907827446183122
154.183	Model2	2.704	4.036	14.941	103.319	0.6	8.907827446183122
154.478	Model2	3.498	2.704	15.004	103.316	0.6	8.907827446183122
154.769	Model2	3.52	3.498	15.065	103.315	0.6	8.907827446183122
155.03	Model2	3.946	3.52	15.096	103.335	0.6	8.907827446183122
