0.942	Model5	10.105	10.0	0.104	22.287	0.6	15
1.359	Model5	9.82	10.105	0.106	30.915	0.6	4.858280311954511
1.731	Model5	15.854	9.82	0.065	36.385	0.6	4.903066824868928
2.165	Model5	12.388	15.854	0.085	38.8	0.6	4.924747469410423
2.592	Model5	10.739	12.388	0.097	40.506	0.6	4.891031426738966
2.998	Model5	11.731	10.739	0.089	42.027	0.6	4.899332669078387
3.433	Model5	9.542	11.731	0.109	42.823	0.6	4.90267137650582
3.839	Model5	10.255	9.542	0.102	43.757	0.6	4.902413509763792
4.234	Model5	12.858	10.255	0.082	44.637	0.6	4.923897603501184
4.669	Model5	10.123	12.858	0.102	44.979	0.6	4.901210490214065
5.082	Model5	10.366	10.123	0.1	45.456	0.6	4.9319976905719125
5.482	Model5	12.345	10.366	0.085	45.968	0.6	4.925788521184406
5.893	Model5	13.002	12.345	0.081	46.328	0.6	4.896552931823303
6.31	Model5	12.484	13.002	0.084	46.593	0.6	4.890649322483113
6.71	Model5	14.71	12.484	0.07	46.947	0.6	4.901428135710872
7.16	Model5	9.286	14.71	0.112	46.926	0.6	4.946999933950425
7.568	Model5	9.703	9.286	0.107	47.172	0.6	4.920593431706785
7.976	Model5	10.474	9.703	0.099	47.393	0.6	4.931313451963153
8.374	Model5	12.49	10.474	0.084	47.649	0.6	4.901536965708089
8.816	Model5	9.272	12.49	0.111	47.643	0.6	4.924533529955995
9.203	Model5	12.073	9.272	0.087	47.92	0.6	4.8859150466889085
9.639	Model5	9.752	12.073	0.107	47.928	0.6	4.93034540479034
10.022	Model5	14.043	9.752	0.075	48.193	0.6	4.876536305704343
10.465	Model5	10.058	14.043	0.103	48.162	0.6	4.921696254548484
10.868	Model5	11.365	10.058	0.092	48.307	0.6	4.904259287191738
11.276	Model5	12.409	11.365	0.085	48.423	0.6	4.880269849820988
11.693	Model5	11.825	12.409	0.088	48.492	0.6	4.893096963559919
12.126	Model5	9.897	11.825	0.105	48.492	0.6	4.902854764916152
12.531	Model5	11.141	9.897	0.094	48.601	0.6	4.8765646545610135
12.959	Model5	9.542	11.141	0.109	48.614	0.6	4.888232613593057
13.349	Model5	12.806	9.542	0.082	48.767	0.6	4.909511870231599
13.764	Model5	12.611	12.806	0.083	48.823	0.6	4.890329997563174
14.178	Model5	13.116	12.611	0.08	48.88	0.6	4.903055361699789
14.592	Model5	12.929	13.116	0.081	48.932	0.6	4.87838534124705
15.022	Model5	10.625	12.929	0.098	48.927	0.6	4.941905594529186
15.399	Model5	15.265	10.625	0.067	49.095	0.6	4.931064157970721
15.831	Model5	12.164	15.265	0.087	49.081	0.6	4.957870610610776
16.197	Model5	23.899	12.164	0.043	49.268	0.6	4.892337875778151
16.654	Model5	11.867	23.899	0.088	49.177	0.6	4.9573373676248105
17.076	Model5	10.992	11.867	0.095	49.193	0.6	4.8789528111270215
17.484	Model5	11.806	10.992	0.089	49.245	0.6	4.907013338293807
17.899	Model5	11.653	11.806	0.09	49.276	0.6	4.894958581428515
18.331	Model5	9.729	11.653	0.107	49.261	0.6	4.877999537123724
18.738	Model5	10.603	9.729	0.098	49.312	0.6	4.901336493145754
19.136	Model5	12.907	10.603	0.081	49.382	0.6	4.90190358652156
19.581	Model5	9.113	12.907	0.113	49.333	0.6	4.890535273081735
19.971	Model5	11.59	9.113	0.09	49.422	0.6	4.914528091862441
20.183	Model5	12.122	11.59	0.086	49.944	0.6	4.920616522406305
20.382	Model5	11.275	12.122	0.093	50.486	0.6	10.68958363597903
20.592	Model5	9.441	11.275	0.11	50.99	0.6	10.682858743823545
20.854	Model5	5.698	9.441	0.179	51.357	0.6	10.76771255320569
21.058	Model5	5.448	5.698	0.187	51.856	0.6	10.444712280736704
21.208	Model5	7.97	5.448	0.138	52.48	0.6	10.355718070331807
21.438	Model5	5.961	7.97	0.173	52.897	0.6	10.530461810385084
21.641	Model5	5.685	5.961	0.18	53.371	0.6	10.541551159511716
21.837	Model5	5.728	5.685	0.179	53.853	0.6	10.500802399437195
22.039	Model5	5.533	5.728	0.186	54.312	0.6	10.651794852259597
22.23	Model5	5.926	5.533	0.18	54.79	0.6	10.501249342780602
22.404	Model5	6.443	5.926	0.159	55.303	0.6	10.596841389869304
22.608	Model5	6.239	6.443	0.164	55.732	0.6	10.409406999657513
22.756	Model5	8.845	6.239	0.118	56.292	0.6	10.619485875892172
23.01	Model5	5.719	8.845	0.178	56.584	0.6	10.54926658484074
23.153	Model5	8.253	5.719	0.124	57.142	0.6	10.544678390506958
23.415	Model5	5.337	8.253	0.191	57.4	0.6	10.63631706809894
23.515	Model5	11.754	5.337	0.098	58.048	0.6	10.753081608794634
23.791	Model5	5.584	11.754	0.183	58.258	0.6	10.682423415071465
23.919	Model5	9.118	5.584	0.117	58.823	0.6	10.564598314925128
24.152	Model5	6.434	9.118	0.159	59.125	0.6	10.742340810252891
24.374	Model5	5.588	6.434	0.183	59.449	0.6	10.411887657073066
24.604	Model5	4.831	5.588	0.218	59.746	0.6	10.557338756770907
24.744	Model5	7.973	4.831	0.16	60.257	0.6	10.229311168993338
24.898	Model5	8.588	7.973	0.119	60.728	0.6	10.613976840229979
25.124	Model5	6.748	8.588	0.152	61.018	0.6	10.581416000645838
25.328	Model5	6.324	6.748	0.161	61.355	0.6	10.556461903599356
25.439	Model5	13.264	6.324	0.079	61.913	0.6	10.7074032472174
25.714	Model5	6.317	13.264	0.162	62.068	0.6	10.693753505685585
25.929	Model5	5.674	6.317	0.18	62.363	0.6	10.407056634203833
26.11	Model5	6.43	5.674	0.16	62.735	0.6	10.567100254206757
26.316	Model5	6.002	6.43	0.17	63.041	0.6	10.4915828284698
26.533	Model5	5.389	6.002	0.189	63.316	0.6	10.487044662971215
26.731	Model5	5.677	5.389	0.189	63.633	0.6	10.464490922200627
26.874	Model5	8.148	5.677	0.132	64.076	0.6	10.259286255900985
27.11	Model5	5.819	8.148	0.175	64.294	0.6	10.782383366409938
27.307	Model5	5.806	5.819	0.176	64.6	0.6	10.677365320679595
27.525	Model5	5.547	5.806	0.196	64.85	0.6	10.50411594260971
27.732	Model5	5.431	5.547	0.209	65.124	0.6	10.721773028796381
27.861	Model5	8.817	5.431	0.143	65.575	0.6	10.547409609165573
28.075	Model5	6.291	8.817	0.163	65.824	0.6	10.691572775936782
28.289	Model5	5.654	6.291	0.181	66.069	0.6	10.57136160056054
28.418	Model5	9.282	5.654	0.114	66.506	0.6	10.57805351693526
28.683	Model5	5.504	9.282	0.186	66.625	0.6	10.647792786732095
28.876	Model5	5.872	5.504	0.182	66.906	0.6	10.517997662836594
29.078	Model5	5.643	5.872	0.19	67.164	0.6	10.627935203180547
29.277	Model5	5.629	5.643	0.194	67.424	0.6	10.639149944322266
29.411	Model5	9.051	5.629	0.133	67.832	0.6	10.626831183967164
29.655	Model5	5.547	9.051	0.184	67.981	0.6	10.594057755404624
29.833	Model5	6.6	5.547	0.166	68.281	0.6	10.519580451150448
30.024	Model5	6.36	6.6	0.161	68.545	0.6	10.56848481488854
30.256	Model5	5.231	6.36	0.195	68.714	0.6	10.481462600333863
30.442	Model5	6.248	5.231	0.179	68.983	0.6	10.038038392594313
30.64	Model5	5.79	6.248	0.179	69.223	0.6	10.418534406740507
30.783	Model5	8.15	5.79	0.126	69.584	0.6	10.444452191582291
31.008	Model5	6.506	8.15	0.157	69.756	0.6	10.667209228985035
31.159	Model5	9.122	6.506	0.112	70.091	0.6	10.601689474402592
31.424	Model5	5.721	9.122	0.179	70.169	0.6	10.31659365553339
31.556	Model5	9.072	5.721	0.113	70.542	0.6	10.41633512638266
31.791	Model5	6.633	9.072	0.154	70.68	0.6	10.642983473360214
31.877	Model5	22.972	6.633	0.045	71.148	0.6	10.512145485167771
32.202	Model5	5.714	22.972	0.179	71.082	0.6	10.740910324764787
32.422	Model5	5.152	5.714	0.203	71.247	0.6	10.556355628264015
32.55	Model5	9.107	5.152	0.135	71.613	0.6	10.565662825114932
32.765	Model5	6.452	9.107	0.158	71.784	0.6	10.73167636387827
32.961	Model5	6.352	6.452	0.161	71.994	0.6	10.717115735949816
33.149	Model5	6.577	6.352	0.156	72.219	0.6	10.76221438193598
33.347	Model5	6.444	6.577	0.159	72.421	0.6	10.604986561416727
33.556	Model5	5.929	6.444	0.172	72.596	0.6	10.530356057905228
33.687	Model5	9.237	5.929	0.11	72.936	0.6	10.713201262809445
33.941	Model5	5.986	9.237	0.171	73.01	0.6	10.777257882579057
34.154	Model5	5.453	5.986	0.187	73.168	0.6	10.57661310658557
34.258	Model5	11.592	5.453	0.094	73.56	0.6	10.566780791720516
34.516	Model5	6.42	11.592	0.16	73.619	0.6	10.647090031705416
34.733	Model5	5.665	6.42	0.181	73.762	0.6	10.528347164279511
34.935	Model5	5.604	5.665	0.187	73.938	0.6	10.581976622439532
35.018	Model5	14.28	5.604	0.073	74.361	0.6	10.465378675030378
35.318	Model5	5.712	14.28	0.179	74.324	0.6	10.53953799260728
35.459	Model5	8.524	5.712	0.12	74.622	0.6	10.634510211584539
35.724	Model5	5.334	8.524	0.191	74.656	0.6	10.612284967525321
35.821	Model5	12.532	5.334	0.093	75.04	0.6	10.658372340047062
36.091	Model5	5.963	12.532	0.172	75.06	0.6	10.71098524217994
36.293	Model5	5.732	5.963	0.178	75.221	0.6	10.648414531975932
36.489	Model5	5.807	5.732	0.179	75.393	0.6	10.449396101566549
36.618	Model5	9.203	5.807	0.111	75.701	0.6	10.456090842235158
36.865	Model5	6.211	9.203	0.165	75.762	0.6	10.639851651543479
37.073	Model5	5.863	6.211	0.174	75.903	0.6	10.377753530135118
37.288	Model5	5.325	5.863	0.192	76.03	0.6	10.451296848641604
37.5	Model5	5.322	5.325	0.203	76.16	0.6	10.193388144544114
37.697	Model5	5.652	5.322	0.199	76.319	0.6	9.885465129981853
37.907	Model5	5.272	5.652	0.214	76.45	0.6	10.621744888940663
38.091	Model5	6.078	5.272	0.201	76.633	0.6	10.521401246723276
38.287	Model5	5.697	6.078	0.2	76.789	0.6	10.402488082896415
38.483	Model5	5.694	5.697	0.201	76.944	0.6	10.644982323097734
38.624	Model5	8.03	5.694	0.145	77.206	0.6	10.398980507663548
38.846	Model5	5.927	8.03	0.172	77.306	0.6	10.666124159537784
39.038	Model5	6.049	5.927	0.169	77.462	0.6	10.661460875223687
39.259	Model5	5.307	6.049	0.192	77.563	0.6	10.533503102813501
39.339	Model5	14.703	5.307	0.077	77.937	0.6	10.609090679145062
39.64	Model5	5.47	14.703	0.187	77.877	0.6	10.609090679145062
39.783	Model5	8.474	5.47	0.133	78.123	0.6	10.49615118967778
40.03	Model5	5.573	8.474	0.184	78.167	0.6	10.591008143425288
40.56	Model5	9.49	5.573	0.109	77.663	0.6	10.596359502305312
41.565	Model5	10.428	9.49	0.1	76.29	0.6	1.9845975353785414
42.571	Model5	11.727	10.428	0.089	74.981	0.6	1.982699670188532
43.589	Model5	11.149	11.727	0.094	73.712	0.6	1.9816205495314898
44.606	Model5	10.619	11.149	0.098	72.502	0.6	1.9892736879049164
45.618	Model5	11.177	10.619	0.093	71.353	0.6	1.9869780415520235
46.618	Model5	13.78	11.177	0.077	70.273	0.6	1.9802976085649926
47.673	Model5	8.965	13.78	0.115	69.159	0.6	1.9811525466640028
48.646	Model5	14.266	8.965	0.074	68.208	0.6	1.9853913432040304
49.687	Model5	10.293	14.266	0.101	67.201	0.6	1.9869479205354232
50.694	Model5	10.82	10.293	0.096	66.28	0.6	1.9869112117811412
51.694	Model5	12.921	10.82	0.081	65.405	0.6	1.9891246304451542
52.714	Model5	11.845	12.921	0.088	64.537	0.6	1.9859083641212045
53.727	Model5	12.224	11.845	0.086	63.711	0.6	1.9853471739017243
54.748	Model5	11.373	12.224	0.092	62.906	0.6	1.9863682689065443
55.759	Model5	11.941	11.373	0.088	62.143	0.6	1.9843768850568895
56.783	Model5	10.74	11.941	0.097	61.392	0.6	1.9841666087165493
57.775	Model5	13.879	10.74	0.076	60.701	0.6	1.9881374531027438
58.804	Model5	11.49	13.879	0.091	59.996	0.6	1.9894954286188617
59.841	Model5	9.277	11.49	0.112	59.307	0.6	1.9850784413578202
60.219	Model5	10.764	9.277	0.097	59.283	0.6	1.9800031345417055
60.433	Model5	13.865	10.764	0.076	59.421	0.6	8.714133158259958
60.674	Model5	12.594	13.865	0.084	59.532	0.6	8.627965005173523
60.922	Model5	10.369	12.594	0.1	59.634	0.6	8.800451530735353
61.129	Model5	13.764	10.369	0.077	59.775	0.6	8.772840885084952
61.373	Model5	11.782	13.764	0.089	59.88	0.6	8.779525136215113
61.593	Model5	13.931	11.782	0.076	60.007	0.6	8.700972928119489
61.828	Model5	13.486	13.931	0.078	60.118	0.6	8.676422279867774
62.069	Model5	11.94	13.486	0.088	60.223	0.6	8.746770769468183
62.319	Model5	9.698	11.94	0.107	60.319	0.6	8.730366944405706
62.57	Model5	8.223	9.698	0.126	60.412	0.6	8.773923630141285
62.865	Model5	5.512	8.223	0.185	60.463	0.6	8.653580639171429
63.097	Model5	5.78	5.512	0.177	60.574	0.6	8.467183462532299
63.332	Model5	5.767	5.78	0.177	60.68	0.6	8.763181426911924
63.553	Model5	6.307	5.767	0.162	60.799	0.6	8.775447266397327
63.815	Model5	5.465	6.307	0.187	60.879	0.6	8.760454240700785
64.053	Model5	5.467	5.465	0.187	60.98	0.6	8.702182442119328
64.275	Model5	5.895	5.467	0.173	61.097	0.6	8.696985719647252
64.396	Model5	18.102	5.895	0.057	61.308	0.6	8.621119595490375
64.744	Model5	5.805	18.102	0.176	61.303	0.6	8.751844556471806
64.905	Model5	10.032	5.805	0.102	61.474	0.6	8.759704104691135
65.087	Model5	19.807	10.032	0.052	61.626	0.6	8.725662906762418
65.343	Model5	13.472	19.807	0.078	61.706	0.6	8.872533734972892
65.572	Model5	14.018	13.472	0.075	61.81	0.6	8.738897986907189
65.809	Model5	13.08	14.018	0.08	61.906	0.6	8.719567919970396
66.049	Model5	11.755	13.08	0.089	61.999	0.6	8.70384381530263
66.291	Model5	10.586	11.755	0.098	62.09	0.6	8.783570009025857
66.504	Model5	13.301	10.586	0.079	62.207	0.6	8.729276754626035
66.709	Model5	18.949	13.301	0.054	62.33	0.6	8.734039252433755
66.939	Model5	17.928	18.949	0.057	62.43	0.6	8.91405594152939
67.194	Model5	12.923	17.928	0.081	62.506	0.6	8.910363229252084
67.448	Model5	10.171	12.923	0.103	62.582	0.6	8.679546395165962
67.699	Model5	8.708	10.171	0.119	62.66	0.6	8.620800644560594
67.911	Model5	10.436	8.708	0.1	62.773	0.6	8.87213960867266
68.214	Model5	5.993	10.436	0.17	62.802	0.6	8.768714224190196
68.458	Model5	5.788	5.993	0.176	62.886	0.6	8.653527077964815
68.705	Model5	5.438	5.788	0.188	62.965	0.6	8.78079335438003
68.921	Model5	6.127	5.438	0.167	63.073	0.6	8.739589931655276
69.157	Model5	6.077	6.127	0.169	63.161	0.6	8.797904094273806
69.405	Model5	5.744	6.077	0.178	63.237	0.6	8.635585752522132
69.656	Model5	5.347	5.744	0.191	63.311	0.6	8.669553552419714
69.872	Model5	6.036	5.347	0.17	63.416	0.6	8.64897679751231
70.129	Model5	5.373	6.036	0.19	63.483	0.6	8.716904039952698
70.335	Model5	6.392	5.373	0.16	63.596	0.6	8.767687747448692
70.592	Model5	5.669	6.392	0.18	63.662	0.6	8.69799570730898
70.833	Model5	5.565	5.669	0.184	63.741	0.6	8.656634724334856
71.07	Model5	5.572	5.565	0.183	63.825	0.6	8.696066113509232
71.314	Model5	5.33	5.572	0.192	63.901	0.6	8.778955476298119
71.534	Model5	5.861	5.33	0.174	63.998	0.6	8.65217041518744
71.78	Model5	5.547	5.861	0.184	64.071	0.6	8.767834372269396
72.012	Model5	5.632	5.547	0.182	64.156	0.6	8.703753506980759
72.258	Model5	5.309	5.632	0.192	64.228	0.6	8.771428212924894
72.458	Model5	6.589	5.309	0.154	64.341	0.6	8.617878027031136
72.719	Model5	5.659	6.589	0.181	64.399	0.6	8.740883069465603
72.959	Model5	5.546	5.659	0.184	64.474	0.6	8.688392287487467
73.191	Model5	5.653	5.546	0.181	64.557	0.6	8.698933763063529
73.425	Model5	5.764	5.653	0.177	64.638	0.6	8.756357502385173
73.665	Model5	5.613	5.764	0.182	64.712	0.6	8.687402522353837
73.901	Model5	5.678	5.613	0.18	64.789	0.6	8.659136750354577
74.135	Model5	5.819	5.678	0.176	64.868	0.6	8.743616309394016
74.354	Model5	6.428	5.819	0.159	64.96	0.6	8.620641177945583
74.639	Model5	4.913	6.428	0.207	64.992	0.6	8.67807383069672
74.852	Model5	5.512	4.913	0.185	65.089	0.6	8.725172816212584
75.089	Model5	5.551	5.512	0.184	65.163	0.6	8.583979370471942
75.193	Model5	18.773	5.551	0.055	65.352	0.6	8.803684097845206
75.41	Model5	24.322	18.773	0.043	65.442	0.6	8.86913789093062
75.676	Model5	14.268	24.322	0.074	65.489	0.6	8.832493808857967
75.92	Model5	12.345	14.268	0.085	65.556	0.6	8.710025355675123
76.117	Model5	20.459	12.345	0.051	65.662	0.6	8.649654575075788
76.4	Model5	10.256	20.459	0.101	65.694	0.6	8.774566062840083
76.613	Model5	12.844	10.256	0.082	65.785	0.6	8.614461963766017
76.847	Model5	12.668	12.844	0.083	65.858	0.6	8.767357859531772
77.095	Model5	10.717	12.668	0.098	65.919	0.6	8.656759791295158
77.336	Model5	9.675	10.717	0.107	65.985	0.6	8.702489387218186
77.603	Model5	7.204	9.675	0.143	66.028	0.6	8.719894221253877
77.868	Model5	5.944	7.204	0.172	66.073	0.6	8.77333634541933
78.067	Model5	7.583	5.944	0.134	66.174	0.6	8.66319668203374
78.336	Model5	6.377	7.583	0.161	66.215	0.6	8.205478138896117
78.583	Model5	5.935	6.377	0.172	66.274	0.6	8.742887278290905
78.821	Model5	5.884	5.935	0.174	66.34	0.6	8.659387032506478
79.061	Model5	5.767	5.884	0.177	66.405	0.6	8.774914851418863
79.295	Model5	5.8	5.767	0.176	66.474	0.6	8.825078744547847
79.54	Model5	5.514	5.8	0.185	66.533	0.6	8.718027382682022
79.764	Model5	5.878	5.514	0.174	66.609	0.6	8.688428283196547
80.005	Model5	5.755	5.878	0.178	66.671	0.6	8.730257913174157
80.36	Model5	15.628	5.755	0.067	66.637	0.6	8.551462043149744
80.603	Model5	13.115	15.628	0.078	66.697	0.6	2.921119472370121
80.874	Model5	8.333	13.115	0.122	66.734	0.6	8.900379840848807
81.181	Model5	5.133	8.333	0.196	66.74	0.6	8.76678977741827
81.403	Model5	5.361	5.133	0.19	66.816	0.6	8.874673888894767
81.601	Model5	6.327	5.361	0.16	66.911	0.6	8.87773572765064
81.866	Model5	5.204	6.327	0.195	66.951	0.6	8.898510445550961
82.056	Model5	6.535	5.204	0.155	67.052	0.6	8.764628073614196
82.344	Model5	4.884	6.535	0.206	67.072	0.6	8.8199939017338
82.573	Model5	5.167	4.884	0.197	67.141	0.6	8.796741624405938
82.791	Model5	5.477	5.167	0.185	67.218	0.6	8.869906887531219
83.028	Model5	5.339	5.477	0.189	67.279	0.6	8.79307171263792
83.267	Model5	5.218	5.339	0.194	67.338	0.6	8.791928948587502
83.414	Model5	9.375	5.218	0.108	67.471	0.6	8.842437249387567
83.74	Model5	5.17	9.375	0.195	67.459	0.6	8.790546969639811
83.981	Model5	5.082	5.17	0.2	67.515	0.6	8.896943779802813
84.196	Model5	5.47	5.082	0.186	67.593	0.6	8.827010293223225
84.414	Model5	5.806	5.47	0.176	67.666	0.6	8.900417614504464
84.661	Model5	5.273	5.806	0.193	67.717	0.6	8.764060345187847
84.871	Model5	5.816	5.273	0.174	67.797	0.6	8.834614687904153
85.135	Model5	5.059	5.816	0.199	67.834	0.6	8.890607247630191
85.359	Model5	5.298	5.059	0.191	67.902	0.6	8.78020514967553
85.631	Model5	4.456	5.298	0.226	67.931	0.6	8.786145960111192
85.859	Model5	4.928	4.456	0.217	67.995	0.6	8.72924041965581
86.089	Model5	4.788	4.928	0.218	68.058	0.6	8.828162195725156
86.302	Model5	5.211	4.788	0.201	68.133	0.6	8.768127636623616
86.539	Model5	4.934	5.211	0.211	68.189	0.6	8.895056963260181
86.753	Model5	5.202	4.934	0.196	68.263	0.6	8.85537480602561
86.94	Model5	6.624	5.202	0.153	68.357	0.6	8.805976040411336
87.217	Model5	5.217	6.624	0.194	68.381	0.6	8.826935987255114
87.465	Model5	4.991	5.217	0.202	68.427	0.6	8.80764029465868
87.699	Model5	4.968	4.991	0.203	68.484	0.6	8.86123059501576
87.921	Model5	5.287	4.968	0.192	68.55	0.6	8.820791500351207
88.093	Model5	7.541	5.287	0.134	68.654	0.6	8.80150416330916
88.401	Model5	4.86	7.541	0.208	68.653	0.6	8.866213171100862
88.67	Model5	4.232	4.86	0.24	68.681	0.6	8.768970880931276
88.906	Model5	4.607	4.232	0.246	68.736	0.6	8.914302231176968
89.138	Model5	4.708	4.607	0.25	68.792	0.6	8.910855414110168
89.343	Model5	5.352	4.708	0.227	68.87	0.6	8.866138203648509
89.555	Model5	5.292	5.352	0.209	68.941	0.6	8.759777283036836
89.79	Model5	4.688	5.292	0.215	68.995	0.6	8.801818155109784
90.035	Model5	4.596	4.688	0.221	69.039	0.6	8.784434624164868
90.255	Model5	5.1	4.596	0.212	69.104	0.6	8.918605022039733
90.477	Model5	5.067	5.1	0.206	69.167	0.6	8.815581893426204
90.715	Model5	4.764	5.067	0.213	69.217	0.6	8.784986595174264
90.933	Model5	5.029	4.764	0.202	69.282	0.6	8.926691085235847
91.162	Model5	5.013	5.029	0.202	69.338	0.6	8.879070072674388
91.401	Model5	4.797	5.013	0.211	69.387	0.6	8.747117351780057
91.637	Model5	4.634	4.797	0.219	69.437	0.6	8.851711861151736
91.858	Model5	5.059	4.634	0.209	69.498	0.6	8.742304140933904
92.087	Model5	4.921	5.059	0.206	69.554	0.6	8.790399584194356
92.318	Model5	4.886	4.921	0.208	69.607	0.6	8.87431712487887
92.543	Model5	5.012	4.886	0.203	69.665	0.6	8.784213855181976
92.733	Model5	6.242	5.012	0.164	69.748	0.6	8.758515127912245
92.993	Model5	5.214	6.242	0.194	69.779	0.6	8.766771453414487
93.236	Model5	4.98	5.214	0.203	69.823	0.6	8.887178726560016
93.466	Model5	5.164	4.98	0.195	69.876	0.6	8.87642056877775
93.701	Model5	5.264	5.164	0.192	69.924	0.6	8.806530721940403
93.962	Model5	4.721	5.264	0.213	69.954	0.6	8.80438634054594
94.19	Model5	5.011	4.721	0.203	70.008	0.6	8.825932979115157
94.405	Model5	5.468	5.011	0.186	70.071	0.6	8.745494124221219
94.659	Model5	4.767	5.468	0.211	70.104	0.6	8.823018120164415
94.829	Model5	7.519	4.767	0.141	70.2	0.6	8.778569619643818
95.116	Model5	5.056	7.519	0.199	70.209	0.6	8.829853435898732
95.349	Model5	5.151	5.056	0.197	70.258	0.6	8.765287463454493
95.584	Model5	4.983	5.151	0.204	70.305	0.6	8.87798001435106
95.725	Model5	8.827	4.983	0.117	70.42	0.6	8.895056963260181
95.969	Model5	7.775	8.827	0.13	70.46	0.6	8.872458660596996
96.131	Model5	18.222	7.775	0.056	70.56	0.6	8.27262578647364
96.477	Model5	5.999	18.222	0.172	70.524	0.6	8.858760116925469
96.728	Model5	5.553	5.999	0.184	70.559	0.6	8.644556014476624
96.947	Model5	6.087	5.553	0.168	70.616	0.6	8.80131947271453
97.194	Model5	5.747	6.087	0.178	70.652	0.6	8.615346694300603
97.429	Model5	5.832	5.747	0.175	70.697	0.6	8.755461851581254
97.67	Model5	5.671	5.832	0.18	70.738	0.6	8.761643744046525
97.897	Model5	6.013	5.671	0.17	70.788	0.6	8.791984236783634
98.142	Model5	5.723	6.013	0.179	70.826	0.6	8.728059697765495
98.303	Model5	9.825	5.723	0.104	70.923	0.6	8.682259376636603
98.614	Model5	5.692	9.825	0.18	70.913	0.6	8.86106210955738
98.779	Model5	9.474	5.692	0.108	71.007	0.6	8.624931112482008
99.094	Model5	5.337	9.474	0.191	70.993	0.6	8.831099048946514
99.235	Model5	10.886	5.337	0.094	71.104	0.6	8.69278596654121
99.46	Model5	11.712	10.886	0.089	71.154	0.6	8.777136734698148
99.699	Model5	11.067	11.712	0.094	71.194	0.6	8.77614501141402
99.942	Model5	10.22	11.067	0.103	71.231	0.6	8.672349945517439
100.152	Model5	13.15	10.22	0.08	71.292	0.6	8.661783322422563
100.405	Model5	10.589	13.15	0.098	71.321	0.6	8.737132203601671
100.605	Model5	16.258	10.589	0.065	71.388	0.6	8.628852511628768
100.873	Model5	10.553	16.258	0.099	71.406	0.6	8.710079618561881
101.125	Model5	8.79	10.553	0.117	71.437	0.6	8.649369182102012
101.345	Model5	9.924	8.79	0.105	71.488	0.6	8.75337880141246
101.653	Model5	5.701	9.924	0.179	71.478	0.6	8.78265039251037
101.815	Model5	9.643	5.701	0.106	71.571	0.6	8.705921424064295
102.039	Model5	10.473	9.643	0.099	71.619	0.6	8.785281008076678
102.271	Model5	10.588	10.473	0.098	71.662	0.6	8.795874585036353
102.586	Model5	5.773	10.588	0.177	71.648	0.6	8.721526094062556
102.816	Model5	6.0	5.773	0.17	71.692	0.6	8.709084906385161
103.06	Model5	5.769	6.0	0.177	71.725	0.6	8.658082148799227
103.294	Model5	5.859	5.769	0.175	71.766	0.6	8.70901257254389
103.545	Model5	5.417	5.859	0.189	71.795	0.6	8.727623819650503
103.769	Model5	5.794	5.417	0.177	71.842	0.6	8.76886088334539
104.016	Model5	5.37	5.794	0.19	71.873	0.6	8.801282535525731
104.226	Model5	6.294	5.37	0.163	71.931	0.6	8.675830028938023
104.481	Model5	5.699	6.294	0.179	71.956	0.6	8.620357696307531
104.728	Model5	5.39	5.699	0.189	71.986	0.6	8.744892406422464
104.941	Model5	6.141	5.39	0.167	72.04	0.6	8.69817608693398
105.126	Model5	8.689	6.141	0.117	72.114	0.6	8.747719375815999
105.398	Model5	6.616	8.689	0.155	72.127	0.6	8.741210968028327
105.655	Model5	5.893	6.616	0.174	72.15	0.6	8.701333941870837
105.889	Model5	6.129	5.893	0.167	72.189	0.6	8.338493653144601
106.14	Model5	5.657	6.129	0.18	72.216	0.6	8.712793625206691
106.31	Model5	8.979	5.657	0.114	72.298	0.6	8.674574006705038
106.609	Model5	5.705	8.979	0.179	72.292	0.6	8.761039801982266
106.768	Model5	10.121	5.705	0.101	72.381	0.6	8.756649999478062
107.055	Model5	6.576	10.121	0.156	72.383	0.6	8.693092249117592
107.314	Model5	5.732	6.576	0.178	72.405	0.6	8.782889474279349
107.552	Model5	5.659	5.732	0.181	72.439	0.6	8.779084102720816
107.776	Model5	6.065	5.659	0.169	72.484	0.6	8.723775452900435
108.03	Model5	5.569	6.065	0.183	72.508	0.6	8.609192736289202
108.25	Model5	6.102	5.569	0.168	72.554	0.6	8.803055870377367
108.498	Model5	5.653	6.102	0.181	72.582	0.6	8.770767898890455
108.741	Model5	5.46	5.653	0.187	72.613	0.6	8.721127135419266
108.983	Model5	5.272	5.46	0.194	72.644	0.6	8.7712814678807
109.202	Model5	5.767	5.272	0.177	72.691	0.6	8.755078057323445
109.423	Model5	6.309	5.767	0.163	72.736	0.6	8.742595699888485
109.675	Model5	5.75	6.309	0.178	72.76	0.6	8.589305717392595
109.838	Model5	9.811	5.75	0.104	72.843	0.6	8.666705237666234
110.08	Model5	9.245	9.811	0.112	72.874	0.6	8.7719785505743
110.278	Model5	13.509	9.245	0.078	72.934	0.6	8.85958345655021
110.527	Model5	11.27	13.509	0.093	72.96	0.6	8.81962297477737
110.763	Model5	11.072	11.27	0.095	72.994	0.6	8.651795622847006
111.042	Model5	7.351	11.072	0.14	73.0	0.6	8.637346298710257
111.316	Model5	5.678	7.351	0.18	73.008	0.6	8.806327330599665
111.552	Model5	5.728	5.678	0.179	73.042	0.6	8.761369214604565
111.788	Model5	5.705	5.728	0.179	73.076	0.6	8.689652314793713
112.028	Model5	5.692	5.705	0.18	73.107	0.6	8.641991181439815
112.26	Model5	5.827	5.692	0.176	73.143	0.6	8.66788732976503
112.499	Model5	5.652	5.827	0.181	73.174	0.6	8.771886822837041
112.735	Model5	5.739	5.652	0.178	73.207	0.6	8.630486000654338
112.972	Model5	5.762	5.739	0.177	73.24	0.6	8.591927369266319
113.213	Model5	5.585	5.762	0.183	73.269	0.6	8.768310936807513
113.373	Model5	9.554	5.585	0.107	73.351	0.6	8.751990651865453
113.67	Model5	5.954	9.554	0.172	73.344	0.6	8.842437249387567
113.92	Model5	5.545	5.954	0.184	73.367	0.6	8.648887624161517
114.145	Model5	6.005	5.545	0.171	73.407	0.6	8.631533889794373
114.384	Model5	5.957	6.005	0.172	73.437	0.6	8.654544854282388
114.62	Model5	5.932	5.957	0.173	73.469	0.6	8.718716026183355
114.857	Model5	5.885	5.932	0.174	73.5	0.6	8.725953356772838
115.107	Model5	5.527	5.885	0.185	73.523	0.6	8.61564754408164
