0.939	Model4	9.767	10.0	0.107	25.556	0.6	15
1.35	Model4	9.983	9.767	0.104	35.548	0.6	4.875816355236879
1.736	Model4	13.783	9.983	0.075	41.47	0.6	4.909724506458617
2.167	Model4	11.111	13.783	0.094	44.293	0.6	4.934585596619218
2.603	Model4	8.937	11.111	0.116	46.097	0.6	4.897084612780067
2.976	Model4	14.357	8.937	0.074	48.39	0.6	4.906720573508905
3.42	Model4	10.099	14.357	0.103	49.127	0.6	4.926268710007799
3.811	Model4	13.673	10.099	0.077	50.386	0.6	4.896272845282455
4.259	Model4	9.386	13.673	0.11	50.713	0.6	4.894404516435442
4.659	Model4	10.832	9.386	0.096	51.508	0.6	4.900672187020586
5.056	Model4	13.487	10.832	0.078	52.211	0.6	4.922227633594058
5.491	Model4	10.519	13.487	0.099	52.445	0.6	4.88582967466274
5.899	Model4	11.493	10.519	0.091	52.888	0.6	4.926922611573083
6.308	Model4	12.347	11.493	0.085	53.263	0.6	4.880673051188661
6.749	Model4	9.423	12.347	0.11	53.339	0.6	4.899744750445373
7.13	Model4	14.037	9.423	0.075	53.856	0.6	4.914672056712658
7.58	Model4	9.176	14.037	0.113	53.823	0.6	4.904838528608315
7.952	Model4	15.096	9.176	0.07	54.323	0.6	4.926106708133477
8.414	Model4	8.876	15.096	0.117	54.196	0.6	4.892452009270956
8.847	Model4	7.701	8.876	0.134	54.254	0.6	4.910190071692476
9.222	Model4	10.983	7.701	0.095	54.651	0.6	4.888671319542545
9.65	Model4	9.791	10.983	0.106	54.715	0.6	4.906290100516679
10.051	Model4	11.264	9.791	0.093	54.918	0.6	4.877812330643792
10.457	Model4	12.466	11.264	0.084	55.081	0.6	4.939711388189128
10.9	Model4	9.18	12.466	0.113	55.044	0.6	4.921742456867468
11.316	Model4	9.045	9.18	0.115	55.144	0.6	4.9228573507698306
11.689	Model4	14.574	9.045	0.073	55.435	0.6	4.920108577072595
12.111	Model4	12.975	14.574	0.081	55.486	0.6	4.8863533367273595
12.541	Model4	10.847	12.975	0.096	55.5	0.6	4.93629301142656
12.968	Model4	9.645	10.847	0.108	55.519	0.6	4.913503305889685
13.374	Model4	10.761	9.645	0.097	55.631	0.6	4.892269398238491
13.79	Model4	10.545	10.761	0.099	55.691	0.6	4.904454264075313
14.183	Model4	13.883	10.545	0.076	55.841	0.6	4.925996784358216
14.62	Model4	10.422	13.883	0.1	55.814	0.6	4.915011847202725
15.023	Model4	11.786	10.422	0.089	55.916	0.6	4.919895040462442
15.461	Model4	9.182	11.786	0.113	55.884	0.6	4.903175727649148
15.835	Model4	14.829	9.182	0.072	56.079	0.6	4.914073218367507
16.285	Model4	9.813	14.829	0.106	56.002	0.6	4.884845266212924
16.695	Model4	10.299	9.813	0.101	56.065	0.6	4.886091491664308
17.102	Model4	11.186	10.299	0.094	56.134	0.6	4.926500159741407
17.499	Model4	13.798	11.186	0.076	56.231	0.6	4.9018806711139575
17.917	Model4	13.196	13.798	0.08	56.261	0.6	4.926650613731133
18.343	Model4	11.445	13.196	0.092	56.262	0.6	4.893428068087688
18.737	Model4	14.916	11.445	0.071	56.359	0.6	4.9419638228280025
19.174	Model4	11.432	14.916	0.092	56.327	0.6	4.890318593872971
19.573	Model4	13.987	11.432	0.076	56.405	0.6	4.901004317572344
20.005	Model4	11.254	13.987	0.093	56.385	0.6	4.901949417979524
20.173	Model4	12.64	11.254	0.083	57.106	0.6	10.98422408916637
20.356	Model4	10.523	12.64	0.099	57.773	0.6	12.271079332014839
20.53	Model4	9.189	10.523	0.111	58.452	0.6	12.682916798959798
20.673	Model4	11.015	9.189	0.093	59.207	0.6	12.711784066869928
20.922	Model4	5.775	11.015	0.177	59.651	0.6	12.466722149566044
21.113	Model4	5.855	5.775	0.199	60.246	0.6	12.215577372821873
21.295	Model4	6.189	5.855	0.211	60.861	0.6	12.485277132821338
21.479	Model4	6.094	6.189	0.228	61.456	0.6	12.383171444598624
21.686	Model4	5.343	6.094	0.268	61.976	0.6	12.3994619602974
21.893	Model4	5.413	5.343	0.306	62.485	0.6	12.539850154569208
22.084	Model4	5.916	5.413	0.329	63.033	0.6	12.373709690266661
22.282	Model4	5.703	5.916	0.361	63.549	0.6	12.212731883868075
22.353	Model4	17.629	5.703	0.263	64.421	0.6	12.222554427805024
22.416	Model4	18.002	17.629	0.157	65.31	0.6	12.584472474586848
22.476	Model4	18.904	18.002	0.056	66.203	0.6	12.74353147065615
22.645	Model4	15.912	18.904	0.064	66.77	0.6	12.74353147065615
22.794	Model4	19.838	15.912	0.052	67.385	0.6	12.477328843327761
23.006	Model4	10.077	19.838	0.103	67.807	0.6	12.524385546341945
23.156	Model4	11.395	10.077	0.09	68.404	0.6	12.596150554232498
23.365	Model4	7.556	11.395	0.135	68.821	0.6	12.644223841406982
23.51	Model4	8.923	7.556	0.115	69.417	0.6	12.411386636681067
23.67	Model4	9.159	8.923	0.112	69.961	0.6	12.67134531898117
23.835	Model4	9.201	9.159	0.111	70.484	0.6	12.492900650810908
24.003	Model4	8.828	9.201	0.116	70.992	0.6	12.693241656478108
24.167	Model4	8.697	8.828	0.118	71.501	0.6	12.602811839895194
24.33	Model4	8.904	8.697	0.115	72.01	0.6	12.461240448263158
24.49	Model4	9.25	8.904	0.111	72.519	0.6	12.513810737109681
24.653	Model4	9.39	9.25	0.109	73.013	0.6	12.568822350145487
24.819	Model4	9.205	9.39	0.111	73.492	0.6	12.56580993268162
24.991	Model4	8.61	9.205	0.119	73.946	0.6	12.554000137682916
25.148	Model4	9.172	8.61	0.112	74.439	0.6	12.582018676673956
25.315	Model4	8.963	9.172	0.114	74.896	0.6	12.332923637860567
25.482	Model4	8.805	8.963	0.116	75.349	0.6	12.569801696830206
25.646	Model4	8.794	8.805	0.117	75.803	0.6	12.570178409271408
25.804	Model4	9.238	8.794	0.111	76.268	0.6	12.448850330787748
25.971	Model4	9.111	9.238	0.113	76.701	0.6	12.51074999403441
26.131	Model4	9.496	9.111	0.108	77.149	0.6	12.55332381576624
26.306	Model4	8.596	9.496	0.119	77.548	0.6	12.494240376051165
26.464	Model4	8.964	8.596	0.114	77.991	0.6	12.588778370720755
26.627	Model4	9.035	8.964	0.113	78.417	0.6	12.650363739458795
26.856	Model4	5.814	9.035	0.176	78.641	0.6	12.407348025440024
27.051	Model4	5.792	5.814	0.203	78.961	0.6	12.341887283245498
27.233	Model4	6.164	5.792	0.217	79.315	0.6	12.413223238332002
27.41	Model4	6.367	6.164	0.226	79.679	0.6	12.302825866327195
27.591	Model4	6.158	6.367	0.235	80.027	0.6	11.754545658363787
27.779	Model4	6.036	6.158	0.253	80.35	0.6	12.416199686805266
27.974	Model4	5.831	6.036	0.28	80.646	0.6	12.345447320784706
28.162	Model4	5.918	5.831	0.301	80.96	0.6	12.402431812267878
28.357	Model4	5.756	5.918	0.329	81.25	0.6	12.214901449140301
28.556	Model4	5.631	5.756	0.359	81.525	0.6	12.41179064241305
28.741	Model4	6.024	5.631	0.375	81.835	0.6	12.28941616319068
28.941	Model4	5.552	6.024	0.406	82.097	0.6	12.397372916925296
29.063	Model4	9.895	5.552	0.36	82.579	0.6	11.511396664297221
29.16	Model4	11.771	9.895	0.284	83.127	0.6	12.52490914574605
29.248	Model4	12.903	11.771	0.203	83.697	0.6	12.61236186495467
29.343	Model4	11.899	12.903	0.135	84.245	0.6	12.444750381267172
29.457	Model4	11.82	11.899	0.087	84.733	0.6	12.515266981962492
29.711	Model4	5.764	11.82	0.177	84.816	0.6	12.464091812749063
29.898	Model4	6.072	5.764	0.191	85.088	0.6	11.680304768694374
30.085	Model4	5.966	6.072	0.21	85.359	0.6	12.403935613039454
30.272	Model4	5.946	5.966	0.227	85.624	0.6	12.275856013533486
30.464	Model4	5.799	5.946	0.251	85.873	0.6	12.405219633963112
30.666	Model4	5.559	5.799	0.287	86.09	0.6	12.275496735258912
30.856	Model4	5.885	5.559	0.308	86.335	0.6	12.27291055235799
30.933	Model4	16.822	5.885	0.218	86.897	0.6	12.402395138755415
30.995	Model4	18.201	16.822	0.115	87.497	0.6	12.685064827052251
31.099	Model4	17.932	18.201	0.057	87.977	0.6	12.548929498916934
31.361	Model4	6.427	17.932	0.158	88.008	0.6	12.58024498806253
31.553	Model4	5.929	6.427	0.182	88.232	0.6	12.132750556116413
31.752	Model4	5.718	5.929	0.214	88.435	0.6	12.45202872606038
31.855	Model4	12.026	5.718	0.15	88.903	0.6	12.403678840751146
31.933	Model4	16.983	12.026	0.06	89.436	0.6	12.307843994565456
32.088	Model4	19.359	16.983	0.054	89.754	0.6	12.54727773124327
32.361	Model4	6.155	19.359	0.166	89.739	0.6	12.814978444654244
32.561	Model4	5.703	6.155	0.197	89.925	0.6	12.249612298957661
32.75	Model4	5.941	5.703	0.215	90.138	0.6	12.244033874456663
32.831	Model4	14.09	5.941	0.128	90.645	0.6	12.374439812479164
33.012	Model4	7.033	14.09	0.145	90.875	0.6	12.508511374345394
33.162	Model4	7.844	7.033	0.13	91.19	0.6	12.574926921404908
33.322	Model4	8.085	7.844	0.127	91.471	0.6	12.598382814095709
33.486	Model4	8.117	8.085	0.126	91.74	0.6	12.517956324631488
33.649	Model4	8.352	8.117	0.123	92.008	0.6	12.424585506885755
33.821	Model4	7.905	8.352	0.129	92.251	0.6	12.465795848007966
33.983	Model4	8.193	7.905	0.125	92.517	0.6	12.415244128050675
34.151	Model4	8.03	8.193	0.128	92.766	0.6	12.342976872574033
34.313	Model4	8.184	8.03	0.125	93.025	0.6	12.35978087584831
34.482	Model4	8.07	8.184	0.127	93.265	0.6	12.46612930071094
34.647	Model4	8.137	8.07	0.126	93.516	0.6	12.454653973382111
34.812	Model4	8.169	8.137	0.125	93.761	0.6	12.410799038928145
34.981	Model4	8.068	8.169	0.127	93.995	0.6	12.448000569824245
35.15	Model4	7.654	8.068	0.133	94.226	0.6	12.702275280813808
35.313	Model4	7.818	7.654	0.131	94.469	0.6	12.41906724582582
35.473	Model4	8.012	7.818	0.128	94.721	0.6	12.709665493971377
35.631	Model4	8.453	8.012	0.121	94.974	0.6	12.44216621576724
35.801	Model4	8.186	8.453	0.125	95.194	0.6	12.394258984004468
35.973	Model4	7.641	8.186	0.134	95.405	0.6	12.539475257707302
36.135	Model4	7.879	7.641	0.13	95.641	0.6	12.314312221817712
36.306	Model4	7.575	7.879	0.135	95.851	0.6	12.438107551881002
36.482	Model4	7.012	7.575	0.145	96.049	0.6	12.351191300020318
36.635	Model4	8.421	7.012	0.122	96.301	0.6	11.791523875121237
36.865	Model4	5.573	8.421	0.183	96.351	0.6	12.334301812663945
36.971	Model4	11.03	5.573	0.119	96.723	0.6	12.219954899572887
37.116	Model4	10.238	11.03	0.1	96.994	0.6	12.709896576697787
37.366	Model4	5.512	10.238	0.186	96.988	0.6	12.650325585042692
37.554	Model4	6.01	5.512	0.204	97.141	0.6	12.245142002989537
37.737	Model4	6.098	6.01	0.219	97.304	0.6	12.429666639995496
37.929	Model4	5.801	6.098	0.24	97.446	0.6	12.12570034287168
38.125	Model4	5.732	5.801	0.268	97.573	0.6	12.535128091714384
38.313	Model4	5.972	5.732	0.29	97.723	0.6	12.375352586420554
38.505	Model4	5.844	5.972	0.315	97.858	0.6	12.429629805241758
38.7	Model4	5.786	5.844	0.342	97.986	0.6	12.405256324181398
38.896	Model4	5.803	5.786	0.372	98.108	0.6	12.230181339973814
39.098	Model4	5.444	5.803	0.404	98.214	0.6	12.388365114245882
39.281	Model4	6.217	5.444	0.418	98.368	0.6	12.283045998049614
39.469	Model4	6.078	6.217	0.437	98.507	0.6	12.26175218672529
39.655	Model4	6.045	6.078	0.454	98.65	0.6	12.508250254232486
39.852	Model4	5.66	6.045	0.483	98.766	0.6	12.476289628832001
40.044	Model4	5.813	5.66	0.509	98.892	0.6	12.285708427431993
40.227	Model4	6.138	5.813	0.526	99.038	0.6	12.357086248803123
40.403	Model4	6.309	6.138	0.531	99.201	0.6	12.357086248803123
40.64	Model4	5.707	6.309	0.179	99.212	0.6	12.357086248803123
41.563	Model4	12.133	5.707	0.086	97.586	0.6	1.9886021623651366
42.571	Model4	13.267	12.133	0.079	95.84	0.6	1.9818939654899492
43.585	Model4	13.491	13.267	0.078	94.162	0.6	1.9868443865055958
44.618	Model4	10.926	13.491	0.095	92.519	0.6	1.9884173837850958
45.649	Model4	9.23	10.926	0.112	90.954	0.6	1.9825150497625315
46.66	Model4	9.484	9.23	0.109	89.499	0.6	1.9850850178592643
47.632	Model4	14.541	9.484	0.073	88.176	0.6	1.986138760140696
48.68	Model4	9.703	14.541	0.107	86.772	0.6	1.9872689446111438
49.665	Model4	13.373	9.703	0.078	85.534	0.6	1.9904848999395874
50.676	Model4	14.254	13.373	0.074	84.3	0.6	1.9866665214114825
51.694	Model4	13.501	14.254	0.078	83.104	0.6	1.9827193525666176
52.717	Model4	12.072	13.501	0.087	81.948	0.6	1.986026846826115
53.746	Model4	10.396	12.072	0.1	80.825	0.6	1.9856930626977145
54.75	Model4	11.743	10.396	0.089	79.781	0.6	1.9803770848166986
55.775	Model4	10.375	11.743	0.1	78.745	0.6	1.983875674783381
56.821	Model4	7.8	10.375	0.132	77.718	0.6	1.9873414482755354
57.772	Model4	15.518	7.8	0.068	76.853	0.6	1.9848614412532588
58.834	Model4	8.994	15.518	0.115	75.874	0.6	1.9818359051074645
59.844	Model4	9.29	8.994	0.112	74.994	0.6	1.9840868280185358
60.2	Model4	13.75	9.29	0.077	74.95	0.6	1.9881770344748801
60.457	Model4	10.374	13.75	0.1	75.028	0.6	8.65011837882875
60.659	Model4	15.391	10.374	0.069	75.175	0.6	8.72894975078303
60.92	Model4	10.743	15.391	0.097	75.247	0.6	8.73753262796516
61.132	Model4	14.061	10.743	0.075	75.378	0.6	8.66110364281009
61.383	Model4	11.214	14.061	0.093	75.46	0.6	8.635567972888671
61.602	Model4	13.5	11.214	0.078	75.582	0.6	8.692623825679307
61.846	Model4	11.743	13.5	0.089	75.671	0.6	8.627681041664523
62.089	Model4	10.392	11.743	0.1	75.763	0.6	8.670521330541217
62.305	Model4	12.788	10.392	0.082	75.885	0.6	8.686844754097681
62.557	Model4	10.126	12.788	0.103	75.962	0.6	8.605818868234232
62.79	Model4	10.012	10.126	0.104	76.063	0.6	8.748175509803962
62.99	Model4	14.748	10.012	0.072	76.203	0.6	8.772528957286696
63.221	Model4	15.127	14.748	0.07	76.304	0.6	8.738825156991595
63.456	Model4	15.064	15.127	0.07	76.4	0.6	8.689526295617224
63.692	Model4	14.022	15.064	0.075	76.493	0.6	8.610712724002932
63.935	Model4	12.147	14.022	0.086	76.578	0.6	8.77636537499817
64.156	Model4	14.048	12.147	0.075	76.688	0.6	8.769410898872646
64.408	Model4	11.232	14.048	0.093	76.76	0.6	8.738497437393224
64.62	Model4	14.638	11.232	0.072	76.88	0.6	8.632191170447692
64.879	Model4	10.697	14.638	0.098	76.943	0.6	8.652741589769297
65.101	Model4	12.284	10.697	0.085	77.049	0.6	8.702200497114
65.341	Model4	11.314	12.284	0.092	77.134	0.6	8.687600457339807
65.582	Model4	10.572	11.314	0.099	77.217	0.6	8.676440228127916
65.795	Model4	13.526	10.572	0.078	77.331	0.6	8.628923520032917
66.024	Model4	14.163	13.526	0.074	77.427	0.6	8.673443897597089
66.274	Model4	11.524	14.163	0.091	77.496	0.6	8.63462575707045
66.514	Model4	10.683	11.524	0.097	77.577	0.6	8.689832348529423
66.755	Model4	10.044	10.683	0.104	77.658	0.6	8.647282818224364
67.019	Model4	7.657	10.044	0.135	77.709	0.6	8.619649073773424
67.239	Model4	8.523	7.657	0.121	77.812	0.6	8.8516371387268
67.533	Model4	5.679	8.523	0.18	77.829	0.6	8.718353568674404
67.766	Model4	5.813	5.679	0.176	77.915	0.6	8.732893597175028
67.99	Model4	6.256	5.813	0.164	78.012	0.6	8.759996825410086
68.241	Model4	5.744	6.256	0.178	78.076	0.6	8.785244205384709
68.469	Model4	5.979	5.744	0.171	78.167	0.6	8.77820216864898
68.708	Model4	5.923	5.979	0.173	78.245	0.6	8.716632306976125
68.954	Model4	5.627	5.923	0.182	78.313	0.6	8.666705237666234
69.186	Model4	5.76	5.627	0.178	78.397	0.6	8.74188505900449
69.42	Model4	5.912	5.76	0.173	78.479	0.6	8.713409035195966
69.655	Model4	6.001	5.912	0.17	78.559	0.6	8.680947591077112
69.894	Model4	5.885	6.001	0.174	78.633	0.6	8.63992617250585
70.133	Model4	5.835	5.885	0.175	78.708	0.6	8.71681346041141
70.374	Model4	5.707	5.835	0.179	78.779	0.6	8.625534172654474
70.61	Model4	5.751	5.707	0.178	78.856	0.6	8.747427475025548
70.844	Model4	5.847	5.751	0.175	78.934	0.6	8.696102172831315
71.088	Model4	5.572	5.847	0.183	79.0	0.6	8.755352192645537
71.325	Model4	5.575	5.572	0.183	79.075	0.6	8.635105728114764
71.526	Model4	6.934	5.575	0.147	79.188	0.6	8.692029360931393
71.78	Model4	6.146	6.934	0.167	79.242	0.6	8.743871499004555
72.037	Model4	5.435	6.146	0.188	79.292	0.6	8.717755579665864
72.265	Model4	5.678	5.435	0.18	79.375	0.6	8.803296064410102
72.49	Model4	6.025	5.678	0.17	79.459	0.6	8.688680261511564
72.736	Model4	5.687	6.025	0.18	79.521	0.6	8.711056466151048
72.969	Model4	5.791	5.687	0.177	79.596	0.6	8.76396878297481
73.195	Model4	6.132	5.791	0.167	79.678	0.6	8.624771493021926
73.446	Model4	5.674	6.132	0.18	79.732	0.6	8.722396675997055
73.672	Model4	6.06	5.674	0.169	79.813	0.6	8.759484576989745
73.899	Model4	6.354	6.06	0.162	79.892	0.6	8.77893710140256
74.141	Model4	6.132	6.354	0.167	79.956	0.6	8.702344939768535
74.387	Model4	5.836	6.132	0.175	80.014	0.6	8.621686677643412
74.621	Model4	5.865	5.836	0.174	80.085	0.6	8.7736850362406
74.855	Model4	5.981	5.865	0.171	80.155	0.6	8.647621560994919
75.097	Model4	5.871	5.981	0.174	80.217	0.6	8.57469605375867
75.332	Model4	5.945	5.871	0.172	80.284	0.6	8.628479736679695
75.586	Model4	5.407	5.945	0.189	80.332	0.6	8.669266844834677
75.837	Model4	5.074	5.407	0.201	80.383	0.6	8.57695799762791
76.056	Model4	5.633	5.074	0.182	80.467	0.6	8.693596761590104
76.292	Model4	5.655	5.633	0.181	80.532	0.6	8.70263383946319
76.533	Model4	5.5	5.655	0.186	80.593	0.6	8.756851102565067
76.746	Model4	6.308	5.5	0.163	80.682	0.6	8.66124672439036
76.989	Model4	6.016	6.308	0.17	80.738	0.6	8.764646388659028
77.227	Model4	6.0	6.016	0.171	80.801	0.6	8.710513745997067
77.477	Model4	5.537	6.0	0.184	80.849	0.6	8.699276564677772
77.721	Model4	5.339	5.537	0.191	80.905	0.6	8.619206243847907
77.942	Model4	5.85	5.339	0.175	80.983	0.6	8.724900567472666
78.174	Model4	6.027	5.85	0.17	81.05	0.6	8.691434977485551
78.42	Model4	5.751	6.027	0.178	81.101	0.6	8.569002643654208
78.645	Model4	6.166	5.751	0.166	81.175	0.6	8.701370044893658
78.892	Model4	5.848	6.166	0.175	81.225	0.6	8.657957043627244
79.129	Model4	5.806	5.848	0.176	81.285	0.6	8.776383739129708
79.369	Model4	5.654	5.806	0.181	81.341	0.6	8.745913552264202
79.595	Model4	5.994	5.654	0.171	81.412	0.6	8.7599419387851
79.833	Model4	5.93	5.994	0.172	81.47	0.6	8.782117103158319
80.088	Model4	5.393	5.93	0.189	81.51	0.6	8.696985719647252
80.53	Model4	12.563	5.393	0.081	81.361	0.6	8.605518704464739
80.775	Model4	10.595	12.563	0.096	81.412	0.6	8.856534123902252
81.109	Model4	5.0	10.595	0.202	81.372	0.6	8.8886666059156
81.38	Model4	4.165	5.0	0.241	81.396	0.6	8.77295098254531
81.627	Model4	4.322	4.165	0.258	81.444	0.6	8.795561017141084
81.862	Model4	4.504	4.322	0.266	81.503	0.6	8.775465626686863
82.099	Model4	4.477	4.504	0.272	81.56	0.6	8.756832820084556
82.32	Model4	4.813	4.477	0.265	81.632	0.6	8.775649233807862
82.546	Model4	4.72	4.813	0.264	81.7	0.6	8.928268245852296
82.734	Model4	5.62	4.72	0.224	81.804	0.6	8.874110590400829
82.908	Model4	6.159	5.62	0.17	81.922	0.6	8.74128383771651
83.152	Model4	5.458	6.159	0.186	81.971	0.6	8.898548203340638
83.39	Model4	5.149	5.458	0.196	82.024	0.6	8.816656681906563
83.631	Model4	4.917	5.149	0.207	82.075	0.6	8.86947548277408
83.854	Model4	4.989	4.917	0.202	82.143	0.6	8.899416720949032
84.101	Model4	4.704	4.989	0.214	82.187	0.6	8.77164833969793
84.336	Model4	4.679	4.704	0.217	82.243	0.6	8.77539218598968
84.57	Model4	4.729	4.679	0.222	82.298	0.6	8.93507732947041
84.805	Model4	4.675	4.729	0.224	82.353	0.6	8.509010498554547
85.03	Model4	4.821	4.675	0.221	82.418	0.6	8.881533086289043
85.283	Model4	4.323	4.821	0.243	82.455	0.6	8.74150245407084
85.519	Model4	4.517	4.323	0.25	82.508	0.6	8.855225238729618
85.759	Model4	4.421	4.517	0.262	82.557	0.6	8.77636537499817
85.999	Model4	4.398	4.421	0.273	82.605	0.6	8.793919761822394
86.24	Model4	4.344	4.398	0.285	82.653	0.6	8.91492748910158
86.46	Model4	4.828	4.344	0.276	82.721	0.6	8.821700567669149
86.687	Model4	4.672	4.828	0.273	82.781	0.6	8.829109953815777
86.906	Model4	4.847	4.672	0.265	82.848	0.6	8.871632926305637
87.108	Model4	5.37	4.847	0.238	82.931	0.6	8.798974576288964
87.319	Model4	5.084	5.37	0.221	83.006	0.6	8.80619790463793
87.542	Model4	4.954	5.084	0.213	83.068	0.6	8.537032853185483
87.776	Model4	4.576	4.954	0.221	83.12	0.6	8.924335883060097
87.976	Model4	5.424	4.576	0.188	83.205	0.6	8.517079629125732
88.235	Model4	4.595	5.424	0.221	83.233	0.6	8.910571454671762
88.47	Model4	4.747	4.595	0.224	83.283	0.6	8.64913731417766
88.687	Model4	5.055	4.747	0.211	83.35	0.6	8.845271686637734
88.92	Model4	4.69	5.055	0.216	83.401	0.6	8.872984207909795
89.133	Model4	5.027	4.69	0.2	83.471	0.6	8.796225069731351
89.389	Model4	4.603	5.027	0.227	83.5	0.6	8.904650293827915
89.623	Model4	4.621	4.603	0.233	83.55	0.6	8.76887921608473
89.803	Model4	5.855	4.621	0.185	83.65	0.6	8.877341139070381
90.065	Model4	4.584	5.855	0.22	83.673	0.6	8.921374651434357
90.307	Model4	4.526	4.584	0.234	83.714	0.6	8.805199603647784
90.532	Model4	4.692	4.526	0.231	83.771	0.6	8.827456155304825
90.752	Model4	4.765	4.692	0.221	83.833	0.6	8.813229392111953
91.003	Model4	4.156	4.765	0.243	83.866	0.6	8.817898574185655
91.257	Model4	4.18	4.156	0.267	83.895	0.6	8.817787345689394
91.477	Model4	4.906	4.18	0.257	83.956	0.6	8.763767352840391
91.704	Model4	4.709	4.906	0.256	84.009	0.6	8.894396766525224
91.884	Model4	6.048	4.709	0.208	84.106	0.6	8.873941614796447
92.12	Model4	4.745	6.048	0.213	84.151	0.6	8.75677797310106
92.307	Model4	6.039	4.745	0.169	84.241	0.6	8.86199822096765
92.574	Model4	4.895	6.039	0.206	84.257	0.6	8.768237615814297
92.805	Model4	4.996	4.895	0.203	84.306	0.6	8.860088763458691
93.031	Model4	5.184	4.996	0.198	84.359	0.6	8.76625841240647
93.197	Model4	7.375	5.184	0.137	84.466	0.6	8.907997714756599
93.494	Model4	4.938	7.375	0.204	84.454	0.6	8.869888129930002
93.742	Model4	4.811	4.938	0.216	84.487	0.6	8.811359401358372
93.968	Model4	4.966	4.811	0.212	84.539	0.6	8.886482042937624
94.196	Model4	4.838	4.966	0.21	84.589	0.6	8.876120015744766
94.438	Model4	4.542	4.838	0.224	84.627	0.6	8.889476673703129
94.684	Model4	4.49	4.542	0.239	84.661	0.6	8.861380365246639
94.905	Model4	4.881	4.49	0.232	84.716	0.6	8.851375620173934
95.155	Model4	4.35	4.881	0.253	84.746	0.6	8.898114008104038
95.405	Model4	4.278	4.35	0.274	84.776	0.6	8.876082448046727
95.649	Model4	4.382	4.278	0.289	84.81	0.6	8.848257268588643
95.806	Model4	7.045	4.382	0.215	84.921	0.6	8.788447193516214
95.925	Model4	10.273	7.045	0.101	85.067	0.6	8.801651921365856
96.113	Model4	17.331	10.273	0.059	85.15	0.6	8.802926540557898
96.479	Model4	5.289	17.331	0.193	85.076	0.6	8.77333634541933
96.607	Model4	11.664	5.289	0.088	85.211	0.6	8.81541513938864
96.848	Model4	10.781	11.664	0.096	85.247	0.6	8.8728528152448
97.089	Model4	10.028	10.781	0.104	85.282	0.6	8.711581159922984
97.362	Model4	7.194	10.028	0.143	85.29	0.6	8.619808503685862
97.611	Model4	6.415	7.194	0.159	85.319	0.6	8.816211910061819
97.873	Model4	5.526	6.415	0.185	85.335	0.6	8.726806665515383
98.1	Model4	5.794	5.526	0.177	85.382	0.6	8.73957172117911
98.342	Model4	5.618	5.794	0.182	85.416	0.6	8.658385990698173
98.572	Model4	5.874	5.618	0.174	85.46	0.6	8.629615913224535
98.818	Model4	5.619	5.874	0.182	85.49	0.6	8.69220949317771
99.063	Model4	5.425	5.619	0.188	85.522	0.6	8.621509456456723
99.232	Model4	8.411	5.425	0.122	85.617	0.6	8.671740321496873
99.514	Model4	6.072	8.411	0.168	85.616	0.6	8.715708541564933
99.756	Model4	5.843	6.072	0.175	85.649	0.6	8.703085283639012
99.988	Model4	6.049	5.843	0.169	85.69	0.6	8.684992038298992
100.244	Model4	5.413	6.049	0.189	85.711	0.6	8.771318153681428
100.454	Model4	6.45	5.413	0.159	85.771	0.6	8.642845956661144
100.711	Model4	5.657	6.45	0.181	85.79	0.6	8.729149583553593
100.946	Model4	5.728	5.657	0.179	85.828	0.6	8.699348736881404
101.171	Model4	6.167	5.728	0.166	85.874	0.6	8.625374530872449
101.413	Model4	5.936	6.167	0.172	85.906	0.6	8.728604606637754
101.648	Model4	5.97	5.936	0.171	85.943	0.6	8.629757956331733
101.893	Model4	5.657	5.97	0.18	85.972	0.6	8.77787148905357
102.127	Model4	5.768	5.657	0.177	86.01	0.6	8.705632306057385
102.371	Model4	5.591	5.768	0.183	86.04	0.6	8.663178788523462
102.6	Model4	5.791	5.591	0.177	86.081	0.6	8.766606540827395
102.836	Model4	5.829	5.791	0.176	86.117	0.6	8.648477450430537
103.074	Model4	5.828	5.829	0.176	86.152	0.6	8.746241828361711
103.307	Model4	5.941	5.828	0.172	86.19	0.6	8.741702862001985
103.548	Model4	5.758	5.941	0.177	86.221	0.6	8.81682348291838
103.778	Model4	6.025	5.758	0.17	86.261	0.6	8.738606674528203
104.017	Model4	5.939	6.025	0.173	86.294	0.6	8.625285843546928
104.267	Model4	5.496	5.939	0.186	86.317	0.6	8.661139412761969
104.512	Model4	5.321	5.496	0.192	86.344	0.6	8.654241281906849
104.735	Model4	5.713	5.321	0.179	86.389	0.6	8.644823272139675
104.967	Model4	5.911	5.713	0.173	86.427	0.6	8.68806833952681
105.211	Model4	5.667	5.911	0.181	86.455	0.6	8.646302396629135
105.444	Model4	5.834	5.667	0.175	86.492	0.6	8.659816121286449
105.687	Model4	5.614	5.834	0.182	86.52	0.6	8.705325139214917
105.912	Model4	6.0	5.614	0.171	86.563	0.6	8.724120215237608
106.16	Model4	5.62	6.0	0.182	86.586	0.6	8.609917314655915
106.39	Model4	5.857	5.62	0.175	86.624	0.6	8.73671361737051
106.62	Model4	6.11	5.857	0.168	86.663	0.6	8.632955162931616
106.87	Model4	5.739	6.11	0.178	86.685	0.6	8.633897014172645
107.103	Model4	5.809	5.739	0.176	86.72	0.6	8.771905168231022
107.33	Model4	6.101	5.809	0.168	86.76	0.6	8.75390860613397
107.477	Model4	13.427	6.101	0.077	86.865	0.6	8.661300381201755
107.809	Model4	5.797	13.427	0.176	86.82	0.6	8.697490684157158
107.931	Model4	16.218	5.797	0.064	86.944	0.6	8.765214193017176
108.27	Model4	5.948	16.218	0.172	86.894	0.6	8.782779127230086
108.503	Model4	6.004	5.948	0.169	86.928	0.6	8.777485727679094
108.743	Model4	5.864	6.004	0.174	86.957	0.6	8.675201972358847
108.98	Model4	5.852	5.864	0.175	86.988	0.6	8.725826282514037
109.225	Model4	5.704	5.852	0.179	87.013	0.6	8.584365879516493
109.469	Model4	5.494	5.704	0.186	87.038	0.6	8.619950224114794
109.705	Model4	5.567	5.494	0.184	87.07	0.6	8.707656535459225
109.946	Model4	5.535	5.567	0.185	87.097	0.6	8.64101195933209
110.16	Model4	6.305	5.535	0.163	87.146	0.6	8.726788508272579
110.41	Model4	5.762	6.305	0.178	87.166	0.6	8.78563064902965
110.638	Model4	6.072	5.762	0.169	87.203	0.6	8.673784693141092
110.889	Model4	5.561	6.072	0.184	87.222	0.6	8.686089182315957
