1.21	Model3	2.753	13.019	0.368	23.138	0.6	15
1.295	Model4	22.652	5.781	0.046	40.158	0.6	4.977167681845097
2.137	Model1	2.111	5.784	0.477	39.315	0.6	4.96337968167564
2.194	Model4	23.877	8.266	0.122	49.223	0.6	4.889839686905063
2.763	Model1	3.62	6.097	0.28	50.665	0.6	4.889839686905063
3.09	Model3	5.313	6.751	0.192	54.366	0.6	4.901691627175889
3.469	Model3	6.369	5.313	0.161	56.496	0.6	4.892417768663967
3.879	Model3	6.463	6.369	0.159	57.753	0.6	4.915616675319744
4.316	Model3	5.491	6.463	0.186	58.39	0.6	4.89108846234578
4.719	Model3	5.719	5.491	0.179	59.335	0.6	4.932131081227276
5.127	Model3	5.878	5.719	0.174	60.079	0.6	4.887719940195611
5.549	Model3	5.559	5.878	0.184	60.554	0.6	4.874847308858585
5.952	Model3	5.753	5.559	0.177	61.154	0.6	4.883252844282794
6.373	Model3	5.428	5.753	0.188	61.509	0.6	4.90607776166191
6.756	Model3	6.482	5.428	0.158	62.166	0.6	4.897090330407045
7.212	Model3	4.943	6.482	0.206	62.119	0.6	4.871874571680129
7.584	Model3	6.119	4.943	0.167	62.764	0.6	4.95791163405368
8.019	Model3	5.287	6.119	0.193	62.853	0.6	4.894741510094526
8.412	Model3	5.884	5.287	0.174	63.244	0.6	4.918994927727446
8.811	Model3	6.243	5.884	0.164	63.554	0.6	4.893393813817177
9.225	Model3	6.046	6.243	0.169	63.739	0.6	4.911627558393075
9.653	Model3	5.474	6.046	0.187	63.814	0.6	4.926957336863633
10.056	Model3	5.701	5.474	0.179	64.043	0.6	4.918562298446203
10.447	Model3	6.422	5.701	0.16	64.325	0.6	4.897782261831362
10.87	Model3	5.899	6.422	0.174	64.395	0.6	4.880701448162306
11.282	Model3	5.791	5.899	0.177	64.525	0.6	4.9180317104457805
11.691	Model3	5.848	5.791	0.175	64.667	0.6	4.9111904734025735
12.114	Model3	5.411	5.848	0.189	64.717	0.6	4.920229781773008
12.502	Model3	6.223	5.411	0.165	64.949	0.6	4.91569733031584
12.926	Model3	5.702	6.223	0.179	64.984	0.6	4.895638482018528
13.323	Model3	6.124	5.702	0.167	65.149	0.6	4.89945285231685
13.748	Model3	5.586	6.124	0.183	65.172	0.6	4.926980487329274
14.14	Model3	6.288	5.586	0.163	65.348	0.6	4.9428199371880766
14.571	Model3	5.607	6.288	0.182	65.333	0.6	4.903382083026456
14.99	Model3	5.416	5.607	0.188	65.379	0.6	4.879293356428998
15.394	Model3	5.617	5.416	0.182	65.481	0.6	4.87637188883515
15.79	Model3	6.111	5.617	0.167	65.612	0.6	4.929429877654636
16.232	Model3	5.111	6.111	0.2	65.549	0.6	4.918596905988198
16.609	Model3	6.224	5.111	0.165	65.749	0.6	4.928010903344436
17.033	Model3	5.756	6.224	0.177	65.756	0.6	4.9110524627248395
17.436	Model3	6.0	5.756	0.171	65.842	0.6	4.888449107986802
17.85	Model3	5.832	6.0	0.176	65.881	0.6	4.929348771395396
18.266	Model3	5.641	5.832	0.181	65.916	0.6	4.90785164244317
18.665	Model3	5.967	5.641	0.172	66.007	0.6	4.920749298134263
19.084	Model3	5.64	5.967	0.181	66.024	0.6	4.920951361904225
19.486	Model3	5.891	5.64	0.174	66.1	0.6	4.899069431158113
19.911	Model3	5.405	5.891	0.189	66.094	0.6	4.926696909115256
20.187	Model3	5.719	5.405	0.179	66.579	0.6	4.92298446919191
20.247	Model4	21.236	12.009	0.075	67.566	0.6	12.700582900573817
20.433	Model4	10.434	21.236	0.099	68.124	0.6	12.657961051071805
20.568	Model5	14.413	15.651	0.071	68.698	0.6	12.686446086512024
20.819	Model5	6.455	14.413	0.159	68.878	0.6	12.734709740102016
21.01	Model5	5.963	6.455	0.181	69.252	0.6	12.35180964160556
21.094	Model5	13.947	5.963	0.098	69.972	0.6	12.620065472751781
21.319	Model5	6.44	13.947	0.159	70.218	0.6	12.709087823915837
21.501	Model5	6.324	6.44	0.173	70.601	0.6	12.40015846454947
21.68	Model5	6.302	6.324	0.184	70.988	0.6	12.339236752609468
21.851	Model5	6.58	6.302	0.188	71.393	0.6	12.401295034223793
22.034	Model5	6.126	6.58	0.205	71.753	0.6	12.424364682289307
22.214	Model5	6.209	6.126	0.217	72.117	0.6	12.487656158820517
22.276	Model5	19.817	6.209	0.111	72.858	0.6	12.27578415619613
22.382	Model4	18.412	13.212	0.056	73.586	0.6	12.721461436504976
22.542	Model4	18.433	18.412	0.056	74.129	0.6	12.804063789777029
22.693	Model4	21.798	18.433	0.047	74.694	0.6	12.68648445912429
22.967	Model4	6.478	21.798	0.158	74.848	0.6	12.747946920837158
23.156	Model5	6.04	9.716	0.177	75.142	0.6	12.20345768669006
23.338	Model5	6.128	6.04	0.193	75.455	0.6	12.338910053688313
23.51	Model5	6.592	6.128	0.197	75.798	0.6	12.2686026682423
23.687	Model5	6.394	6.592	0.204	76.119	0.6	12.187961119909337
23.858	Model5	6.597	6.394	0.207	76.452	0.6	12.370242786022699
24.043	Model5	6.026	6.597	0.226	76.736	0.6	12.29305407789726
24.215	Model5	6.573	6.026	0.231	77.058	0.6	12.561933570936535
24.388	Model5	6.473	6.573	0.238	77.373	0.6	12.51074999403441
24.568	Model5	6.311	6.473	0.247	77.66	0.6	12.213656522359505
24.74	Model5	6.709	6.311	0.246	77.971	0.6	12.272874640823517
24.928	Model5	6.081	6.709	0.266	78.225	0.6	12.253369870697462
25.091	Model5	6.984	6.081	0.263	78.553	0.6	12.427751522244774
25.263	Model5	6.621	6.984	0.268	78.85	0.6	12.349154847884396
25.438	Model5	6.444	6.621	0.275	79.133	0.6	12.287904000749995
25.619	Model5	6.214	6.444	0.288	79.393	0.6	12.433940953436872
25.814	Model5	5.707	6.214	0.317	79.607	0.6	12.180492876351112
25.98	Model5	6.917	5.707	0.315	79.906	0.6	12.395211315056105
26.153	Model5	6.538	6.917	0.319	80.182	0.6	12.300661031960631
26.327	Model5	6.651	6.538	0.324	80.449	0.6	12.435341798872777
26.506	Model5	6.445	6.651	0.333	80.699	0.6	12.371957748431495
26.667	Model5	7.161	6.445	0.326	80.999	0.6	12.379224244284542
26.839	Model5	6.59	7.161	0.331	81.261	0.6	12.125595177866755
27.018	Model5	6.361	6.59	0.341	81.502	0.6	12.451917824486403
27.214	Model5	5.715	6.361	0.37	81.686	0.6	12.516013905674171
27.383	Model5	6.663	5.715	0.374	81.95	0.6	12.359489508160975
27.563	Model5	6.227	6.663	0.388	82.176	0.6	12.317639319612818
27.74	Model5	6.354	6.227	0.396	82.407	0.6	12.393196941223747
27.914	Model5	6.499	6.354	0.403	82.647	0.6	12.381380273291633
28.085	Model5	6.733	6.499	0.404	82.893	0.6	12.316409530577367
28.244	Model5	7.293	6.733	0.395	83.167	0.6	12.191680958055983
28.421	Model5	6.427	7.293	0.401	83.388	0.6	12.182226391748983
28.599	Model5	6.328	6.427	0.409	83.604	0.6	12.42870900734586
28.777	Model5	6.521	6.328	0.419	83.817	0.6	12.102363454319342
28.939	Model5	7.067	6.521	0.412	84.073	0.6	12.268064395357545
29.1	Model5	7.121	7.067	0.404	84.328	0.6	12.353846969491686
29.274	Model5	6.455	7.121	0.408	84.546	0.6	12.292369553239627
29.438	Model5	7.09	6.455	0.404	84.788	0.6	12.513773401954204
29.594	Model5	7.174	7.09	0.392	85.05	0.6	12.390268111403893
29.757	Model5	7.033	7.174	0.388	85.292	0.6	12.520347821933797
29.931	Model5	6.457	7.033	0.397	85.495	0.6	12.342395734325205
30.124	Model5	5.86	6.457	0.423	85.646	0.6	12.296477845076781
30.296	Model5	6.716	5.86	0.427	85.853	0.6	12.27474231933088
30.46	Model5	6.942	6.716	0.424	86.08	0.6	12.417081871604719
30.629	Model5	6.738	6.942	0.425	86.29	0.6	12.191043110263685
30.802	Model5	6.614	6.738	0.432	86.488	0.6	12.337458267762859
30.863	Model5	20.277	6.614	0.325	86.997	0.6	12.675787494975687
30.927	Model4	18.034	13.518	0.221	87.592	0.6	12.675787494975687
30.988	Model4	18.932	18.034	0.119	88.196	0.6	12.540637510950585
31.086	Model4	18.268	18.932	0.057	88.689	0.6	12.628919152472458
31.35	Model4	6.302	18.268	0.161	88.707	0.6	12.75054339400093
31.535	Model5	6.267	9.452	0.18	88.852	0.6	12.275748227842914
31.698	Model5	7.02	6.267	0.175	89.059	0.6	12.222910613694845
31.753	Model5	22.149	7.02	0.065	89.566	0.6	12.603531377333317
31.907	Model4	17.56	14.768	0.058	89.885	0.6	12.603531377333317
32.168	Model4	6.345	17.56	0.16	89.902	0.6	12.804141964869007
32.354	Model5	6.256	9.516	0.18	90.036	0.6	12.32129396523614
32.532	Model5	6.305	6.256	0.192	90.189	0.6	12.480224711077256
32.713	Model5	6.208	6.305	0.205	90.331	0.6	12.369841480498415
32.906	Model5	5.772	6.208	0.23	90.441	0.6	12.420317622010264
33.094	Model5	5.893	5.772	0.251	90.56	0.6	12.465869947066988
33.259	Model5	7.081	5.893	0.245	90.743	0.6	12.350427551765565
33.427	Model5	6.792	7.081	0.245	90.915	0.6	12.11715287768745
33.605	Model5	6.35	6.792	0.253	91.059	0.6	12.38010118242944
33.777	Model5	6.574	6.35	0.258	91.217	0.6	12.382623071813418
33.97	Model5	5.776	6.574	0.283	91.316	0.6	12.230502306539375
34.156	Model5	6.004	5.776	0.301	91.432	0.6	12.254515493797221
34.337	Model5	6.316	6.004	0.314	91.563	0.6	12.433203793126959
34.513	Model5	6.413	6.316	0.322	91.705	0.6	12.288012000011719
34.696	Model5	6.204	6.413	0.334	91.827	0.6	12.452768120373971
34.869	Model5	6.679	6.204	0.336	91.973	0.6	12.358797564957069
35.03	Model5	7.059	6.679	0.33	92.149	0.6	12.42800929218224
35.212	Model5	6.2	7.059	0.345	92.271	0.6	11.8735392698614
35.403	Model5	5.856	6.2	0.361	92.365	0.6	12.122686335942287
35.591	Model5	5.942	5.856	0.379	92.467	0.6	12.248217216346125
35.784	Model5	5.817	5.942	0.404	92.556	0.6	12.54720266122615
35.965	Model5	6.332	5.817	0.42	92.674	0.6	12.375023972289508
36.145	Model5	6.213	6.332	0.433	92.792	0.6	12.40166171404917
36.344	Model5	5.584	6.213	0.465	92.863	0.6	12.459907790294215
36.524	Model5	6.228	5.584	0.478	92.981	0.6	12.301887677886365
36.695	Model5	6.537	6.228	0.483	93.119	0.6	12.433940953436872
36.886	Model5	5.835	6.537	0.504	93.207	0.6	12.292225452499297
37.085	Model5	5.655	5.835	0.536	93.272	0.6	12.148810696203265
37.212	Model5	9.145	5.655	0.495	93.519	0.6	12.600275179196933
37.335	Model5	9.3	9.145	0.449	93.772	0.6	12.67988778175486
37.445	Model5	10.143	9.3	0.394	94.059	0.6	12.499564901238541
37.568	Model5	9.039	10.143	0.354	94.31	0.6	12.432908953476309
37.682	Model5	10.037	9.039	0.303	94.582	0.6	12.210207622529897
37.802	Model5	9.198	10.037	0.258	94.837	0.6	12.395431104543775
37.928	Model5	8.913	9.198	0.22	95.076	0.6	12.5783963557083
38.053	Model5	8.748	8.913	0.182	95.313	0.6	12.4286353494078
38.17	Model5	9.753	8.748	0.136	95.573	0.6	12.575417051437343
38.311	Model5	9.098	9.753	0.113	95.768	0.6	12.35184601656806
38.531	Model5	6.106	9.098	0.167	95.768	0.6	12.59047887780556
38.706	Model5	6.546	6.106	0.173	95.877	0.6	12.180634369318875
38.889	Model5	6.076	6.546	0.19	95.966	0.6	12.498186791738803
39.068	Model5	6.255	6.076	0.202	96.063	0.6	12.443901179919123
39.181	Model5	10.266	6.255	0.146	96.323	0.6	12.366996606251456
39.302	Model5	10.105	10.266	0.102	96.559	0.6	12.428819495889956
39.523	Model5	6.429	10.105	0.159	96.552	0.6	12.687674125252208
39.71	Model5	6.118	6.429	0.177	96.626	0.6	12.387304081252935
39.906	Model5	5.665	6.118	0.207	96.677	0.6	12.307085597586882
40.088	Model5	6.126	5.665	0.219	96.763	0.6	12.264369530192315
40.554	Model5	10.879	6.126	0.096	96.168	0.6	12.620824958174357
41.774	Model2	3.36	2.024	0.302	94.077	0.6	1.9833512707849037
42.8	Model1	3.229	3.074	0.313	92.57	0.6	1.9884579190025244
43.786	Model1	3.562	3.229	0.285	91.217	0.6	1.9868688572116122
44.797	Model1	3.602	3.562	0.281	89.872	0.6	1.9821824449209193
45.809	Model1	3.67	3.602	0.276	88.586	0.6	1.9850878363732225
46.837	Model1	3.497	3.67	0.29	87.325	0.6	1.982281746228668
47.827	Model1	3.742	3.497	0.271	86.186	0.6	1.9847346449740262
48.868	Model1	3.409	3.742	0.297	85.005	0.6	1.9875476889206276
49.87	Model1	3.592	3.409	0.282	83.939	0.6	1.9872425809538925
50.885	Model1	3.599	3.592	0.282	82.893	0.6	1.9820091598667038
51.909	Model1	3.473	3.599	0.292	81.874	0.6	1.987325440517937
52.917	Model1	3.528	3.473	0.287	80.919	0.6	1.9860456549048315
53.961	Model1	3.185	3.528	0.318	79.946	0.6	1.987994219403863
54.949	Model1	3.488	3.185	0.291	79.091	0.6	1.9866307640206227
55.975	Model1	3.369	3.488	0.301	78.214	0.6	1.9846088039458394
56.996	Model1	3.309	3.369	0.306	77.374	0.6	1.980000330448206
58.003	Model1	3.392	3.309	0.299	76.582	0.6	1.9857701521650617
59.017	Model1	3.403	3.392	0.298	75.808	0.6	1.9823070415479211
60.046	Model1	3.253	3.403	0.311	75.043	0.6	1.987647528534228
60.388	Model2	3.737	3.556	0.271	75.114	0.6	3.774632778428736
60.441	Model4	24.05	13.389	0.093	75.445	0.6	8.91644363000929
60.743	Model3	6.161	11.454	0.166	75.531	0.6	8.91644363000929
60.888	Model4	13.105	12.935	0.079	75.746	0.6	8.83606640262914
61.154	Model4	8.972	13.105	0.115	75.809	0.6	8.80627186186451
61.434	Model4	6.234	8.972	0.164	75.853	0.6	8.862279092960556
61.665	Model5	6.429	9.35	0.159	75.91	0.6	8.755626345135385
61.906	Model5	6.235	6.429	0.164	75.954	0.6	8.711273573149455
62.144	Model5	6.213	6.235	0.165	76.001	0.6	8.604459470271223
62.374	Model5	6.437	6.213	0.159	76.057	0.6	8.816063662752203
62.618	Model5	6.119	6.437	0.168	76.096	0.6	8.731620999337993
62.861	Model5	5.946	6.119	0.172	76.136	0.6	8.632813014555753
63.093	Model5	6.15	5.946	0.167	76.189	0.6	8.728913418535006
63.334	Model5	6.048	6.15	0.169	76.231	0.6	8.64897679751231
63.555	Model5	6.768	6.048	0.152	76.296	0.6	8.635745772517918
63.802	Model5	6.309	6.768	0.162	76.33	0.6	8.679223106497979
64.037	Model5	6.381	6.309	0.161	76.378	0.6	8.734275694901418
64.284	Model5	6.068	6.381	0.169	76.411	0.6	8.578378897981139
64.509	Model5	6.529	6.068	0.157	76.47	0.6	8.739152901171803
64.75	Model5	6.19	6.529	0.165	76.509	0.6	8.821886114634141
64.986	Model5	6.212	6.19	0.165	76.554	0.6	8.674825182056782
65.225	Model5	6.129	6.212	0.167	76.596	0.6	8.709645534397907
65.464	Model5	6.069	6.129	0.169	76.637	0.6	8.637346298710257
65.706	Model5	5.959	6.069	0.172	76.675	0.6	8.657367310796362
65.938	Model5	6.168	5.959	0.166	76.724	0.6	8.610801111891242
66.176	Model5	6.156	6.168	0.166	76.766	0.6	8.694840274466717
66.402	Model5	6.648	6.156	0.154	76.82	0.6	8.644395667810514
66.658	Model5	5.878	6.648	0.174	76.841	0.6	8.694245506536795
66.876	Model5	6.551	5.878	0.156	76.903	0.6	8.72471907775129
67.113	Model5	6.604	6.551	0.155	76.945	0.6	8.649351345666462
67.359	Model5	6.217	6.604	0.165	76.975	0.6	8.657277964345498
67.596	Model5	6.193	6.217	0.166	77.016	0.6	8.817731732493531
67.84	Model5	5.976	6.193	0.172	77.049	0.6	8.639659217543375
68.075	Model5	6.035	5.976	0.17	77.091	0.6	8.661014219223002
68.304	Model5	6.302	6.035	0.163	77.14	0.6	8.772547305366677
68.542	Model5	6.305	6.302	0.163	77.178	0.6	8.759777283036836
68.776	Model5	6.411	6.305	0.16	77.221	0.6	8.676332539680898
69.01	Model5	6.529	6.411	0.157	77.264	0.6	8.745165904248
69.263	Model5	5.933	6.529	0.173	77.286	0.6	8.74234058473974
69.495	Model5	6.107	5.933	0.168	77.33	0.6	8.69833843499324
69.725	Model5	6.394	6.107	0.16	77.375	0.6	8.668908487019282
69.973	Model5	5.925	6.394	0.172	77.401	0.6	8.758899223575895
70.203	Model5	6.14	5.925	0.167	77.446	0.6	8.663071429014023
70.444	Model5	5.953	6.14	0.172	77.48	0.6	8.713481442086763
70.673	Model5	6.157	5.953	0.166	77.526	0.6	8.777889859488601
70.891	Model5	6.883	6.157	0.149	77.584	0.6	8.827883482067689
71.152	Model5	5.855	6.883	0.175	77.594	0.6	8.745530594627956
71.372	Model5	6.526	5.855	0.157	77.65	0.6	8.775135153229451
71.618	Model5	6.258	6.526	0.164	77.676	0.6	8.58686145732676
71.853	Model5	6.44	6.258	0.159	77.714	0.6	8.581678605261166
72.094	Model5	6.295	6.44	0.163	77.745	0.6	8.531424038402864
72.33	Model5	6.231	6.295	0.164	77.782	0.6	8.757289905000523
72.571	Model5	6.121	6.231	0.167	77.813	0.6	8.678828008607846
72.802	Model5	6.347	6.121	0.161	77.855	0.6	8.628479736679695
73.046	Model5	6.027	6.347	0.17	77.882	0.6	8.702669953273743
73.277	Model5	6.206	6.027	0.165	77.923	0.6	8.742030822074842
73.521	Model5	5.932	6.206	0.173	77.951	0.6	8.6800493365231
73.761	Model5	5.805	5.932	0.176	77.982	0.6	8.747263289391636
73.979	Model5	6.508	5.805	0.158	78.035	0.6	8.644466932261063
74.217	Model5	6.497	6.508	0.158	78.068	0.6	8.780922034664751
74.464	Model5	6.096	6.497	0.168	78.092	0.6	8.733766450108279
74.688	Model5	6.647	6.096	0.154	78.138	0.6	8.638965211839096
74.935	Model5	6.228	6.647	0.164	78.161	0.6	8.823556388620668
75.173	Model5	6.222	6.228	0.165	78.193	0.6	8.658368117054964
75.405	Model5	6.446	6.222	0.159	78.231	0.6	8.653223576984177
75.639	Model5	6.514	6.446	0.157	78.267	0.6	8.721961363305537
75.883	Model5	6.208	6.514	0.165	78.291	0.6	8.733675519786775
76.126	Model5	6.026	6.208	0.17	78.318	0.6	8.756851102565067
76.354	Model5	6.356	6.026	0.161	78.359	0.6	8.664556805129774
76.571	Model5	7.197	6.356	0.143	78.411	0.6	8.680534370893136
76.83	Model5	6.223	7.197	0.165	78.42	0.6	8.782025163263896
77.084	Model5	5.545	6.223	0.184	78.434	0.6	8.761149603437364
77.297	Model5	6.333	5.545	0.162	78.489	0.6	8.768054318695883
77.53	Model5	6.434	6.333	0.16	78.525	0.6	8.813266429646067
77.767	Model5	6.348	6.434	0.162	78.555	0.6	8.774327433998577
78.007	Model5	6.282	6.348	0.163	78.583	0.6	8.609563846558066
78.257	Model5	5.834	6.282	0.175	78.6	0.6	8.649975664684094
78.496	Model5	5.799	5.834	0.176	78.628	0.6	8.596646853863497
78.709	Model5	6.664	5.799	0.154	78.682	0.6	8.687438509862242
78.95	Model5	6.402	6.664	0.16	78.708	0.6	8.808398663505338
79.186	Model5	6.405	6.402	0.16	78.739	0.6	8.741411362594306
79.417	Model5	6.599	6.405	0.155	78.774	0.6	8.730857618651124
79.663	Model5	6.148	6.599	0.166	78.794	0.6	8.763346210660254
79.894	Model5	6.364	6.148	0.161	78.83	0.6	8.77238217540983
80.132	Model5	6.384	6.364	0.161	78.857	0.6	8.58601771940455
80.547	Model5	11.938	6.384	0.085	78.712	0.6	8.640264339141845
80.779	Model4	12.316	7.959	0.083	78.783	0.6	8.639196534685075
81.116	Model4	5.186	12.316	0.194	78.751	0.6	8.67710436595942
81.354	Model5	5.036	7.779	0.2	78.779	0.6	8.764316729562902
81.572	Model5	5.314	5.036	0.189	78.826	0.6	8.867450317124735
81.807	Model5	5.189	5.314	0.194	78.856	0.6	8.800100709160338
81.966	Model5	8.27	5.189	0.123	78.96	0.6	8.84443235469634
82.249	Model5	5.845	8.27	0.173	78.943	0.6	8.803499315752799
82.491	Model5	5.492	5.845	0.184	78.966	0.6	8.822999560354493
82.685	Model5	7.182	5.492	0.141	79.035	0.6	8.861923324776303
82.953	Model5	5.804	7.182	0.174	79.032	0.6	8.827084600442374
83.175	Model5	6.101	5.804	0.166	79.074	0.6	8.774309078471449
83.397	Model5	6.327	6.101	0.16	79.116	0.6	8.854776567154412
83.603	Model5	7.243	6.327	0.14	79.172	0.6	8.898189517275323
83.876	Model5	5.457	7.243	0.184	79.165	0.6	8.9055389116666
84.106	Model5	5.389	5.457	0.187	79.197	0.6	8.803166727532984
84.341	Model5	5.407	5.389	0.187	79.226	0.6	8.84710011643408
84.571	Model5	5.52	5.407	0.183	79.259	0.6	8.915306475988446
84.822	Model5	5.119	5.52	0.197	79.272	0.6	8.861211874092868
85.036	Model5	5.676	5.119	0.178	79.319	0.6	8.925342389962804
85.28	Model5	5.399	5.676	0.188	79.338	0.6	8.906862713869193
85.528	Model5	4.865	5.399	0.209	79.354	0.6	8.910060373286202
85.752	Model5	4.98	4.865	0.204	79.392	0.6	8.83628978570285
85.97	Model5	5.209	4.98	0.194	79.435	0.6	8.837220670096794
86.201	Model5	5.276	5.209	0.191	79.466	0.6	8.908243669743477
86.412	Model5	5.85	5.276	0.174	79.515	0.6	8.859096919184026
86.637	Model5	5.918	5.85	0.171	79.551	0.6	8.833312273075725
86.88	Model5	5.722	5.918	0.185	79.57	0.6	8.805033242154453
87.098	Model5	5.725	5.722	0.177	79.612	0.6	8.926938073589756
87.313	Model5	6.177	5.725	0.164	79.656	0.6	8.775943021182929
87.553	Model5	5.748	6.177	0.177	79.677	0.6	8.904971688318858
87.775	Model5	6.177	5.748	0.17	79.715	0.6	8.775410546048736
88.01	Model5	5.689	6.177	0.178	79.741	0.6	8.853150513757905
88.218	Model5	6.398	5.689	0.158	79.791	0.6	8.843928831985965
88.471	Model5	5.534	6.398	0.183	79.801	0.6	8.894566522039707
88.716	Model5	5.08	5.534	0.2	79.817	0.6	8.905425461216222
88.935	Model5	5.479	5.08	0.19	79.856	0.6	8.796649378050239
89.161	Model5	5.442	5.479	0.186	79.89	0.6	8.79838393330998
89.38	Model5	5.694	5.442	0.177	79.928	0.6	8.874636333437012
89.635	Model5	5.15	5.694	0.196	79.935	0.6	8.81547072336687
89.872	Model5	5.074	5.15	0.2	79.958	0.6	8.873115604466276
90.117	Model5	4.704	5.074	0.216	79.974	0.6	8.787324041038062
90.328	Model5	5.189	4.704	0.196	80.02	0.6	8.823500702631291
90.555	Model5	5.175	5.189	0.195	80.051	0.6	8.85840463121168
90.776	Model5	5.613	5.175	0.18	80.087	0.6	8.850236326806211
91.028	Model5	5.207	5.613	0.194	80.096	0.6	8.756522029595484
91.248	Model5	5.639	5.207	0.18	80.133	0.6	8.85911563117152
91.497	Model5	5.083	5.639	0.2	80.145	0.6	8.783386070316443
91.729	Model5	5.013	5.083	0.203	80.171	0.6	8.796686276360356
91.935	Model5	5.601	5.013	0.18	80.22	0.6	8.87773572765064
92.161	Model5	6.052	5.601	0.169	80.251	0.6	8.82689883474019
92.404	Model5	5.521	6.052	0.182	80.267	0.6	8.769135882484534
92.611	Model5	6.363	5.521	0.159	80.314	0.6	8.752483759831224
92.861	Model5	5.956	6.363	0.17	80.325	0.6	8.791007581013304
93.068	Model5	6.761	5.956	0.15	80.371	0.6	8.869344194003371
93.318	Model5	5.898	6.761	0.171	80.381	0.6	8.834614687904153
93.558	Model5	5.568	5.898	0.182	80.399	0.6	8.796963023553346
93.776	Model5	5.937	5.568	0.171	80.436	0.6	8.767852700716805
93.997	Model5	6.229	5.937	0.163	80.47	0.6	8.826768803400817
94.209	Model5	6.957	6.229	0.146	80.513	0.6	8.826490177716517
94.457	Model5	6.078	6.957	0.166	80.523	0.6	8.833033234142654
94.682	Model5	6.188	6.078	0.163	80.554	0.6	8.850609833298163
94.935	Model5	5.365	6.188	0.188	80.56	0.6	8.791836803139175
95.137	Model5	6.277	5.365	0.162	80.61	0.6	8.839381077424331
95.374	Model5	5.861	6.277	0.172	80.63	0.6	8.833740167015932
95.613	Model5	5.542	5.861	0.182	80.648	0.6	8.840219450866991
95.79	Model5	7.66	5.542	0.133	80.718	0.6	8.784765798446754
95.956	Model5	14.576	7.66	0.071	80.797	0.6	8.91399910738954
96.168	Model4	18.72	9.718	0.055	80.868	0.6	8.762357601118092
96.491	Model3	6.789	8.915	0.149	80.889	0.6	8.890117296955875
96.653	Model4	13.075	14.255	0.08	81.001	0.6	8.846857526138946
96.903	Model4	10.856	13.075	0.096	81.04	0.6	8.642596629755246
97.133	Model4	11.302	10.856	0.093	81.095	0.6	8.683247970122187
97.376	Model4	10.069	11.302	0.103	81.139	0.6	8.679438629600659
97.606	Model4	10.291	10.069	0.101	81.194	0.6	8.779892697978092
97.846	Model4	9.566	10.291	0.108	81.24	0.6	8.805070210831929
98.038	Model4	15.506	9.566	0.068	81.326	0.6	8.826917410958558
98.311	Model4	9.798	15.506	0.106	81.344	0.6	8.778147053652901
98.551	Model4	9.15	9.798	0.113	81.389	0.6	8.608150264341772
98.838	Model4	6.157	9.15	0.166	81.396	0.6	8.872233445091963
99.066	Model5	6.522	9.235	0.158	81.421	0.6	8.722759469767867
99.328	Model5	5.574	6.522	0.183	81.417	0.6	8.80525505887589
99.537	Model5	6.57	5.574	0.156	81.457	0.6	8.704259257722033
99.771	Model5	6.715	6.57	0.153	81.476	0.6	8.634661308651328
100.016	Model5	6.254	6.715	0.164	81.487	0.6	8.783717165540335
100.255	Model5	6.156	6.254	0.166	81.502	0.6	8.67593770491125
100.49	Model5	6.249	6.156	0.164	81.521	0.6	8.621261359034916
100.743	Model5	5.676	6.249	0.18	81.524	0.6	8.786808591761446
100.971	Model5	5.949	5.676	0.172	81.548	0.6	8.735749201780347
101.212	Model5	5.851	5.949	0.175	81.561	0.6	8.649886470735023
101.457	Model5	5.512	5.851	0.185	81.571	0.6	8.77219870497097
101.668	Model5	6.49	5.512	0.158	81.609	0.6	8.675417295799118
101.923	Model5	5.872	6.49	0.174	81.61	0.6	8.569072670439455
102.166	Model5	5.633	5.872	0.181	81.622	0.6	8.706174418073655
102.386	Model5	6.189	5.633	0.165	81.652	0.6	8.76438998499672
102.62	Model5	6.172	6.189	0.166	81.67	0.6	8.824633122587025
102.853	Model5	6.346	6.172	0.161	81.69	0.6	8.623530209980283
103.103	Model5	5.777	6.346	0.177	81.695	0.6	8.721272207066338
103.321	Model5	6.624	5.777	0.155	81.726	0.6	8.461205140102075
103.563	Model5	6.394	6.624	0.16	81.738	0.6	8.717157672683438
103.796	Model5	6.428	6.394	0.159	81.757	0.6	8.716885923893843
104.048	Model5	5.829	6.428	0.176	81.76	0.6	8.667941068885918
104.273	Model5	6.246	5.829	0.164	81.786	0.6	8.70516253025001
104.519	Model5	5.93	6.246	0.172	81.794	0.6	8.616904261504295
104.749	Model5	6.126	5.93	0.167	81.814	0.6	8.773648330638396
104.98	Model5	6.4	6.126	0.16	81.834	0.6	8.67586592063213
105.22	Model5	6.226	6.4	0.165	81.847	0.6	8.682259376636603
105.462	Model5	6.019	6.226	0.17	81.859	0.6	8.700557799337444
105.681	Model5	6.748	6.019	0.152	81.888	0.6	8.651135353435349
105.929	Model5	6.244	6.748	0.164	81.895	0.6	8.771208097199858
106.153	Model5	6.762	6.244	0.152	81.919	0.6	8.721707450967346
106.409	Model5	6.002	6.762	0.17	81.92	0.6	8.689976380889238
106.642	Model5	6.103	6.002	0.168	81.938	0.6	8.76195489821285
106.888	Model5	5.787	6.103	0.177	81.946	0.6	8.71746567512855
107.035	Model5	11.784	5.787	0.088	82.029	0.6	8.710314765550855
107.367	Model4	5.441	7.856	0.188	81.999	0.6	8.727569337947193
107.5	Model5	12.187	8.162	0.084	82.093	0.6	8.581977108202008
107.722	Model4	14.676	8.125	0.072	82.147	0.6	8.861286758259055
107.976	Model4	11.303	14.676	0.092	82.175	0.6	8.654973463306728
108.194	Model4	13.623	11.303	0.077	82.232	0.6	8.59839155721288
108.442	Model4	11.483	13.623	0.091	82.265	0.6	8.617028183077005
108.688	Model4	9.809	11.483	0.106	82.299	0.6	8.612250932207566
108.984	Model4	6.142	9.809	0.167	82.296	0.6	8.813673863068045
109.211	Model5	6.596	9.212	0.156	82.318	0.6	8.684812205065981
109.456	Model5	6.299	6.596	0.163	82.325	0.6	8.582398559472898
109.701	Model5	6.039	6.299	0.17	82.333	0.6	8.710513745997067
109.925	Model5	6.453	6.039	0.159	82.356	0.6	8.814081334162703
110.154	Model5	6.757	6.453	0.152	82.375	0.6	8.659923400125946
110.418	Model5	5.706	6.757	0.179	82.369	0.6	8.75752760801525
110.644	Model5	6.078	5.706	0.168	82.391	0.6	8.592156179901876
110.883	Model5	6.051	6.078	0.169	82.402	0.6	8.67539935177084
111.128	Model5	5.822	6.051	0.176	82.409	0.6	8.588707712280716
111.366	Model5	5.715	5.822	0.179	82.422	0.6	8.783588403320516
111.599	Model5	5.856	5.715	0.175	82.438	0.6	8.638644939117826
111.838	Model5	5.752	5.856	0.178	82.449	0.6	8.728840754946297
112.003	Model5	9.61	5.752	0.107	82.516	0.6	8.650974762600137
112.269	Model5	7.346	9.61	0.14	82.507	0.6	8.781436793521385
112.519	Model5	6.626	7.346	0.155	82.51	0.6	8.734512150171074
112.765	Model5	6.201	6.626	0.165	82.516	0.6	8.758551707000278
113.018	Model5	5.566	6.201	0.184	82.518	0.6	8.775943021182929
113.167	Model5	10.514	5.566	0.098	82.594	0.6	8.798789991839577
113.469	Model5	6.18	10.514	0.166	82.56	0.6	8.745020036612166
113.636	Model5	10.42	6.18	0.098	82.623	0.6	8.612781476264205
113.886	Model5	9.064	10.42	0.114	82.626	0.6	8.90676814351726
114.099	Model5	11.264	9.064	0.093	82.657	0.6	8.793385103064253
114.421	Model5	5.594	11.264	0.183	82.608	0.6	8.615806826001664
114.59	Model5	8.908	5.594	0.115	82.668	0.6	8.619879363317818
114.862	Model5	6.72	8.908	0.153	82.655	0.6	8.772620698454132
115.13	Model5	5.531	6.72	0.185	82.646	0.6	8.688770257308997
115.319	Model5	7.466	5.531	0.138	82.693	0.6	8.75670484485847
115.589	Model5	6.09	7.466	0.168	82.681	0.6	8.412297028432064
115.796	Model5	7.257	6.09	0.141	82.714	0.6	8.734130190329433
116.051	Model5	6.404	7.257	0.16	82.714	0.6	8.653348545397904
116.294	Model5	6.143	6.404	0.167	82.722	0.6	8.631267453178666
116.536	Model5	5.904	6.143	0.173	82.73	0.6	8.7301488846659
116.767	Model5	6.108	5.904	0.168	82.746	0.6	8.710785097620596
117.005	Model5	6.057	6.108	0.169	82.757	0.6	8.698518828833686
117.235	Model5	6.384	6.057	0.16	82.774	0.6	8.594251243760706
117.481	Model5	6.025	6.384	0.17	82.779	0.6	8.653991297117402
117.719	Model5	5.974	6.025	0.171	82.79	0.6	8.730694054441111
117.946	Model5	6.328	5.974	0.162	82.809	0.6	8.705650375370233
118.187	Model5	6.193	6.328	0.165	82.818	0.6	8.689310271246766
118.44	Model5	5.705	6.193	0.179	82.818	0.6	8.59839155721288
118.666	Model5	6.152	5.705	0.167	82.838	0.6	8.660495598829659
118.907	Model5	5.974	6.152	0.171	82.846	0.6	8.656098764005291
119.136	Model5	6.268	5.974	0.164	82.863	0.6	8.712268785376747
119.366	Model5	6.573	6.268	0.156	82.88	0.6	8.699781795252594
119.619	Model5	5.93	6.573	0.173	82.88	0.6	8.787084717781978
119.856	Model5	5.899	5.93	0.173	82.891	0.6	8.659315521843883
120.105	Model5	5.455	5.899	0.187	82.894	0.6	8.740227346135011
120.34	Model5	5.613	5.455	0.182	82.907	0.6	8.64913731417766
120.556	Model5	6.385	5.613	0.161	82.932	0.6	8.625268106300679
120.806	Model5	5.918	6.385	0.173	82.935	0.6	8.662087424155436
121.035	Model5	6.133	5.918	0.167	82.951	0.6	8.75677797310106
121.274	Model5	6.01	6.133	0.17	82.961	0.6	8.604989054771279
121.384	Model5	22.31	6.01	0.046	83.059	0.6	8.712395465063624
121.641	Model4	15.061	14.874	0.07	83.081	0.6	8.888986847626596
121.896	Model4	11.053	15.061	0.094	83.103	0.6	8.68544165396594
122.13	Model4	10.803	11.053	0.096	83.141	0.6	8.725499537128533
122.376	Model4	9.552	10.803	0.109	83.17	0.6	8.761899987048201
122.596	Model4	10.941	9.552	0.095	83.217	0.6	8.608821658011946
122.856	Model4	8.336	10.941	0.124	83.236	0.6	8.675650574921864
123.136	Model4	6.019	8.336	0.17	83.241	0.6	8.805051726454387
123.393	Model5	5.318	9.028	0.192	83.238	0.6	8.767999331054739
123.607	Model5	6.038	5.318	0.169	83.264	0.6	8.750292594083863
123.835	Model5	6.388	6.038	0.16	83.28	0.6	8.776200101272604
124.096	Model5	5.569	6.388	0.184	83.274	0.6	8.722432954016105
124.33	Model5	5.674	5.569	0.18	83.286	0.6	8.689976380889238
124.563	Model5	5.787	5.674	0.177	83.299	0.6	8.732966328255783
124.721	Model5	10.478	5.787	0.098	83.362	0.6	8.613453592580727
125.031	Model5	5.81	10.478	0.176	83.323	0.6	8.805439914681177
125.274	Model5	5.524	5.81	0.185	83.329	0.6	8.746168875988147
125.501	Model5	5.804	5.524	0.176	83.346	0.6	8.707638457817518
125.75	Model5	5.433	5.804	0.188	83.348	0.6	8.644021548721627
125.983	Model5	5.523	5.433	0.185	83.36	0.6	8.688122329176014
126.135	Model5	10.132	5.523	0.102	83.427	0.6	8.666221747458072
126.428	Model5	6.304	10.132	0.163	83.399	0.6	8.873603682892153
126.628	Model5	8.16	6.304	0.126	83.433	0.6	8.736695418878977
126.906	Model5	6.018	8.16	0.17	83.416	0.6	8.738770535351536
127.136	Model5	6.14	6.018	0.167	83.43	0.6	8.760856805673047
127.375	Model5	6.011	6.14	0.17	83.439	0.6	8.772455565734269
127.599	Model5	6.444	6.011	0.159	83.457	0.6	8.78206193899066
127.835	Model5	6.47	6.444	0.158	83.467	0.6	8.802316894018889
128.077	Model5	6.29	6.47	0.163	83.473	0.6	8.707620380250871
128.32	Model5	6.048	6.29	0.169	83.479	0.6	8.735640036073038
128.562	Model5	5.874	6.048	0.174	83.485	0.6	8.776971431919577
128.782	Model5	6.375	5.874	0.161	83.505	0.6	8.778918726583921
129.03	Model5	6.01	6.375	0.17	83.507	0.6	8.643006245840056
129.258	Model5	6.389	6.01	0.16	83.523	0.6	8.611490599701474
129.493	Model5	6.394	6.389	0.16	83.533	0.6	8.750274338978667
129.74	Model5	5.999	6.394	0.171	83.536	0.6	8.755699455365662
129.976	Model5	6.048	5.999	0.169	83.546	0.6	8.721707450967346
130.209	Model5	6.278	6.048	0.163	83.558	0.6	8.72471907775129
130.46	Model5	5.736	6.278	0.178	83.558	0.6	8.697039820182969
130.683	Model5	6.169	5.736	0.166	83.576	0.6	8.721725587072653
130.915	Model5	6.358	6.169	0.162	83.589	0.6	8.771428212924894
131.158	Model5	6.091	6.358	0.168	83.594	0.6	8.715364443724104
131.395	Model5	5.977	6.091	0.171	83.603	0.6	8.813081245088439
131.652	Model5	5.288	5.977	0.193	83.599	0.6	8.743215327242293
131.87	Model5	5.842	5.288	0.175	83.62	0.6	8.692587795198076
132.106	Model5	5.923	5.842	0.173	83.63	0.6	8.577536826132391
132.33	Model5	6.384	5.923	0.161	83.647	0.6	8.741484235623656
132.579	Model5	5.847	6.384	0.175	83.648	0.6	8.755041507244199
132.812	Model5	6.005	5.847	0.17	83.659	0.6	8.732948145372019
133.05	Model5	5.976	6.005	0.171	83.668	0.6	8.655545008048207
133.285	Model5	6.067	5.976	0.169	83.678	0.6	8.735076056713483
133.532	Model5	5.692	6.067	0.18	83.68	0.6	8.620481717230055
133.768	Model5	5.69	5.692	0.18	83.69	0.6	8.781124254160996
134.014	Model5	5.43	5.69	0.188	83.693	0.6	8.692461690865908
134.143	Model5	12.373	5.43	0.083	83.769	0.6	8.741010582650123
134.418	Model4	8.056	8.249	0.128	83.776	0.6	8.829983558137037
134.679	Model4	6.552	8.056	0.156	83.792	0.6	8.813247910840097
134.939	Model5	5.619	9.827	0.182	83.786	0.6	8.738151537815703
135.11	Model5	8.749	5.619	0.117	83.836	0.6	8.651081822494483
135.407	Model5	5.619	8.749	0.182	83.806	0.6	8.86490142369213
135.596	Model5	7.584	5.619	0.134	83.845	0.6	8.767174599193162
135.861	Model5	6.217	7.584	0.165	83.836	0.6	8.690966732628132
136.112	Model5	5.754	6.217	0.178	83.835	0.6	8.610129409446232
136.278	Model5	9.338	5.754	0.11	83.887	0.6	8.745020036612166
136.562	Model5	6.438	9.338	0.159	83.867	0.6	8.767797715604463
136.808	Model5	6.077	6.438	0.168	83.87	0.6	8.709482763990955
137.044	Model5	6.069	6.077	0.168	83.878	0.6	8.738005904080566
137.27	Model5	6.47	6.069	0.159	83.893	0.6	8.754840487263193
137.509	Model5	6.422	6.47	0.16	83.9	0.6	8.647229334949674
137.763	Model5	5.823	6.422	0.175	83.898	0.6	8.719042263710085
137.988	Model5	6.175	5.823	0.166	83.913	0.6	8.708397783402091
138.229	Model5	5.942	6.175	0.172	83.919	0.6	8.802427732563265
138.466	Model5	5.913	5.942	0.173	83.927	0.6	8.707891551632144
138.705	Model5	5.884	5.913	0.174	83.934	0.6	8.606277982739446
138.944	Model5	5.845	5.884	0.175	83.94	0.6	8.673587387193635
139.169	Model5	6.13	5.845	0.167	83.955	0.6	8.815748653772589
139.4	Model5	6.342	6.13	0.161	83.967	0.6	8.812951620528445
139.644	Model5	5.987	6.342	0.171	83.97	0.6	8.799343768422421
139.9	Model5	5.349	5.987	0.191	83.967	0.6	8.751296742183033
140.115	Model5	6.039	5.349	0.169	83.988	0.6	8.6693206010624
