1.199	Model3	2.74	13.019	0.37	23.351	0.3	15
1.288	Model4	20.695	5.754	0.05	40.387	0.3	4.944620491926965
2.119	Model1	2.149	5.285	0.469	39.65	0.3	4.967365095005519
2.182	Model4	20.425	8.418	0.12	49.507	0.3	4.876757435527754
2.763	Model1	3.526	5.216	0.288	50.664	0.3	4.876757435527754
3.074	Model3	5.639	6.575	0.181	54.656	0.3	4.864077782493836
3.471	Model3	6.211	5.639	0.165	56.472	0.3	4.894450207771506
3.901	Model3	5.402	6.211	0.187	57.417	0.3	4.868894153919733
4.3	Model3	5.723	5.402	0.178	58.599	0.3	4.972240926377284
4.706	Model3	5.77	5.723	0.175	59.498	0.3	4.9107764646377134
5.113	Model3	5.859	5.77	0.175	60.242	0.3	4.9516604686854375
5.516	Model3	6.089	5.859	0.168	60.918	0.3	4.906927227377593
5.946	Model3	5.423	6.089	0.188	61.214	0.3	4.915593631521274
6.345	Model3	5.776	5.423	0.177	61.778	0.3	4.894764358802002
6.756	Model3	5.788	5.776	0.177	62.165	0.3	4.891561909226935
7.158	Model3	6.176	5.788	0.166	62.587	0.3	4.910351028359495
7.62	Model3	4.686	6.176	0.217	62.467	0.3	4.882991331397664
7.979	Model3	6.127	4.686	0.167	63.166	0.3	4.9672003789673145
8.398	Model3	5.768	6.127	0.177	63.349	0.3	4.919150692900235
8.819	Model3	5.476	5.768	0.186	63.501	0.3	4.9397462939866426
9.224	Model3	5.663	5.476	0.181	63.744	0.3	4.893131213674575
9.628	Model3	5.861	5.663	0.175	63.977	0.3	4.882769635890995
10.056	Model3	5.32	5.861	0.191	64.039	0.3	4.909885432604006
10.457	Model3	5.665	5.32	0.18	64.261	0.3	4.903794845893574
10.865	Model3	5.768	5.665	0.177	64.428	0.3	4.875634983923428
11.278	Model3	5.711	5.768	0.179	64.55	0.3	4.913998373835148
11.708	Model3	5.159	5.711	0.198	64.573	0.3	4.8945758633445715
12.095	Model3	5.833	5.159	0.175	64.823	0.3	4.894027595461043
12.529	Model3	5.093	5.833	0.2	64.81	0.3	4.930542461424887
12.929	Model3	5.37	5.093	0.19	64.969	0.3	4.9755499221217985
13.311	Model3	6.355	5.37	0.161	65.211	0.3	4.895164245716167
13.721	Model3	6.307	6.355	0.163	65.3	0.3	4.9200393199248325
14.148	Model3	5.681	6.307	0.18	65.308	0.3	4.9235623629508245
14.562	Model3	5.537	5.681	0.185	65.375	0.3	4.904970454197281
14.983	Model3	5.224	5.537	0.195	65.407	0.3	4.919369934671186
15.379	Model3	5.713	5.224	0.179	65.544	0.3	4.926656400606567
15.776	Model3	6.227	5.713	0.164	65.67	0.3	4.858978205691103
16.199	Model3	5.799	6.227	0.176	65.682	0.3	4.8810649586117085
16.6	Model3	6.148	5.799	0.167	65.782	0.3	4.900849699473729
17.046	Model3	5.094	6.148	0.2	65.704	0.3	4.904941774117724
17.447	Model3	5.363	5.094	0.19	65.799	0.3	4.97427534899828
17.83	Model3	6.343	5.363	0.161	65.958	0.3	4.875748339413046
18.269	Model3	5.377	6.343	0.19	65.903	0.3	4.89391338844518
18.663	Model3	5.917	5.377	0.173	66.011	0.3	4.88650134852536
19.077	Model3	5.793	5.917	0.177	66.047	0.3	4.884998876089116
19.485	Model3	5.848	5.793	0.175	66.101	0.3	4.926754779568958
19.857	Model3	7.625	5.848	0.135	66.274	0.3	4.907530067265965
20.175	Model3	6.304	7.625	0.162	66.617	0.3	4.888511780995627
20.238	Model4	20.575	13.238	0.063	67.597	0.3	12.647007031636333
20.428	Model4	11.298	20.575	0.092	68.142	0.3	12.647007031636333
20.578	Model4	13.338	11.298	0.079	68.81	0.3	12.84405737453913
20.816	Model4	6.686	13.338	0.152	69.178	0.3	12.678776227052746
20.983	Model5	6.881	10.028	0.153	69.629	0.3	12.414435693207482
21.134	Model5	7.395	6.881	0.139	70.123	0.3	12.362804626431021
21.319	Model5	6.47	7.395	0.158	70.5	0.3	12.329407061410341
21.48	Model5	7.222	6.47	0.152	70.949	0.3	12.389389732380222
21.639	Model5	7.157	7.222	0.147	71.398	0.3	12.603190533568512
21.803	Model5	6.996	7.157	0.146	71.826	0.3	12.670043891844212
21.979	Model5	6.649	6.996	0.154	72.205	0.3	12.35297374667931
22.136	Model5	7.425	6.649	0.145	72.64	0.3	12.459241568194106
22.311	Model5	6.644	7.425	0.154	73.013	0.3	12.500906056270862
22.473	Model5	7.14	6.644	0.151	73.422	0.3	12.54498849976521
22.629	Model5	7.247	7.14	0.141	73.843	0.3	12.29575689350899
22.803	Model5	6.816	7.247	0.15	74.202	0.3	12.593200644926906
22.956	Model5	7.521	6.816	0.136	74.622	0.3	12.580018595722983
23.14	Model5	6.639	7.521	0.154	74.936	0.3	12.292945989988159
23.298	Model5	7.329	6.639	0.146	75.327	0.3	12.635653216525778
23.462	Model5	7.077	7.329	0.145	75.697	0.3	12.64719770593929
23.628	Model5	7.117	7.077	0.144	76.054	0.3	12.445895140399344
23.795	Model5	7.223	7.117	0.142	76.404	0.3	12.393343419062028
23.953	Model5	7.764	7.223	0.132	76.774	0.3	12.345301972927073
24.128	Model5	7.461	7.764	0.14	77.09	0.3	12.423702255594556
24.297	Model5	7.179	7.461	0.143	77.417	0.3	12.510787311151214
24.47	Model5	6.843	7.179	0.15	77.726	0.3	12.385475140780812
24.628	Model5	7.279	6.843	0.141	78.083	0.3	12.589345155374396
24.81	Model5	6.623	7.279	0.155	78.355	0.3	12.105157739495338
24.969	Model5	7.287	6.623	0.146	78.696	0.3	12.268746215655705
25.131	Model5	7.199	7.287	0.142	79.026	0.3	12.462684482794481
25.311	Model5	6.636	7.199	0.154	79.294	0.3	12.374257273848368
25.484	Model5	6.601	6.636	0.158	79.578	0.3	12.202215091364518
25.654	Model5	6.708	6.601	0.16	79.871	0.3	12.516536805321381
25.807	Model5	7.394	6.708	0.146	80.21	0.3	12.18442052667509
25.98	Model5	6.683	7.394	0.153	80.485	0.3	12.435341798872777
26.147	Model5	6.876	6.683	0.154	80.774	0.3	12.464943772140463
26.307	Model5	7.005	6.876	0.146	81.081	0.3	12.28956019807202
26.47	Model5	7.107	7.005	0.144	81.377	0.3	12.578547244106295
26.648	Model5	6.611	7.107	0.155	81.621	0.3	12.44921982826427
26.805	Model5	7.304	6.611	0.146	81.925	0.3	12.512578794595578
26.964	Model5	7.4	7.304	0.139	82.22	0.3	12.52337587110875
27.133	Model5	7.325	7.4	0.14	82.484	0.3	12.39165913294217
27.305	Model5	7.093	7.325	0.144	82.733	0.3	12.357049842970191
27.467	Model5	7.37	7.093	0.139	83.009	0.3	12.430698101744143
27.644	Model5	6.82	7.37	0.15	83.237	0.3	12.496697285427834
27.802	Model5	7.335	6.82	0.139	83.52	0.3	12.372578171091446
27.971	Model5	7.153	7.335	0.143	83.764	0.3	12.440321040236805
28.145	Model5	6.862	7.153	0.149	83.995	0.3	12.402835235219843
28.306	Model5	7.18	6.862	0.143	84.258	0.3	12.35457474948011
28.472	Model5	7.247	7.18	0.141	84.505	0.3	12.564492454062345
28.655	Model5	6.513	7.247	0.157	84.698	0.3	12.386535860468138
28.81	Model5	7.462	6.513	0.147	84.971	0.3	12.465684701071128
28.973	Model5	7.15	7.462	0.143	85.219	0.3	12.59051667206993
29.147	Model5	6.744	7.15	0.152	85.428	0.3	12.49130079993329
29.319	Model5	6.554	6.744	0.156	85.643	0.3	12.423555059254937
29.482	Model5	7.085	6.554	0.15	85.883	0.3	12.252832933601704
29.645	Model5	7.069	7.085	0.145	86.12	0.3	12.296622045535834
29.81	Model5	7.228	7.069	0.142	86.348	0.3	12.385475140780812
29.973	Model5	7.461	7.228	0.137	86.578	0.3	12.368820093010088
30.14	Model5	7.475	7.461	0.137	86.795	0.3	12.289596207319896
30.313	Model5	7.25	7.475	0.141	86.993	0.3	12.275281178388408
30.486	Model5	6.891	7.25	0.148	87.189	0.3	12.554263171442768
30.648	Model5	7.188	6.891	0.142	87.412	0.3	12.195438527116456
30.82	Model5	7.133	7.188	0.146	87.606	0.3	12.454580007601672
30.991	Model5	6.809	7.133	0.15	87.8	0.3	12.369184854892316
31.149	Model5	7.392	6.809	0.139	88.027	0.3	12.437886246367357
31.319	Model5	7.314	7.392	0.14	88.222	0.3	12.30221241923042
31.492	Model5	6.954	7.314	0.147	88.402	0.3	12.44988497899939
31.661	Model5	6.931	6.954	0.148	88.596	0.3	12.46601814782782
31.828	Model5	6.915	6.931	0.148	88.79	0.3	12.278335606934386
31.994	Model5	7.087	6.915	0.144	88.987	0.3	12.212340732803801
32.168	Model5	6.756	7.087	0.152	89.158	0.3	12.288012000011719
32.318	Model5	7.639	6.756	0.135	89.392	0.3	12.534678556912999
32.495	Model5	7.033	7.639	0.146	89.552	0.3	12.440136552783702
32.653	Model5	7.538	7.033	0.136	89.761	0.3	12.560692135612102
32.84	Model5	6.539	7.538	0.157	89.89	0.3	12.54907968117954
33.004	Model5	6.987	6.539	0.152	90.08	0.3	12.348536772066184
33.164	Model5	7.016	6.987	0.146	90.279	0.3	12.579528106939234
33.328	Model5	7.108	7.016	0.144	90.464	0.3	12.310481054269026
33.483	Model5	7.661	7.108	0.134	90.672	0.3	12.641327574722794
33.665	Model5	6.925	7.661	0.148	90.806	0.3	12.346755605532971
33.833	Model5	6.933	6.925	0.148	90.977	0.3	12.477069023473872
33.987	Model5	7.574	6.933	0.135	91.182	0.3	12.499862910820509
34.167	Model5	6.979	7.574	0.147	91.316	0.3	12.347337154430619
34.329	Model5	7.421	6.979	0.141	91.498	0.3	12.471800727320304
34.495	Model5	7.222	7.421	0.142	91.665	0.3	12.445932071619753
34.659	Model5	7.407	7.222	0.138	91.838	0.3	12.341705703726372
34.834	Model5	6.978	7.407	0.147	91.98	0.3	12.679657788929532
35.001	Model5	7.028	6.978	0.146	92.141	0.3	12.452139629609837
35.156	Model5	7.622	7.028	0.135	92.331	0.3	12.447520321463442
35.331	Model5	7.297	7.622	0.14	92.47	0.3	12.375754249615683
35.512	Model5	6.628	7.297	0.154	92.589	0.3	12.462388243299054
35.679	Model5	6.768	6.628	0.152	92.745	0.3	12.309830715409358
35.841	Model5	6.949	6.768	0.148	92.91	0.3	12.425505693870054
36.002	Model5	7.187	6.949	0.142	93.078	0.3	12.603342017410222
36.177	Model5	6.726	7.187	0.152	93.209	0.3	12.645214974177774
36.348	Model5	6.672	6.726	0.156	93.347	0.3	12.54153746789342
36.516	Model5	6.85	6.672	0.158	93.494	0.3	12.647998600799715
36.689	Model5	6.513	6.85	0.166	93.625	0.3	12.4224879900959
36.857	Model5	6.666	6.513	0.168	93.768	0.3	12.564718287919094
37.012	Model5	7.373	6.666	0.158	93.942	0.3	12.600388739181245
37.18	Model5	6.765	7.373	0.159	94.083	0.3	12.46068513946697
37.332	Model5	7.477	6.765	0.143	94.263	0.3	12.263114500067246
37.51	Model5	6.685	7.477	0.153	94.376	0.3	12.306255079556491
37.674	Model5	6.949	6.685	0.15	94.521	0.3	12.462647452087356
37.83	Model5	7.552	6.949	0.136	94.687	0.3	12.23481916007666
38.0	Model5	7.278	7.552	0.141	94.815	0.3	12.590100947641103
38.174	Model5	6.963	7.278	0.147	94.934	0.3	12.594788885919423
38.347	Model5	6.725	6.963	0.152	95.052	0.3	12.322126514448218
38.503	Model5	7.327	6.725	0.14	95.213	0.3	12.44892422852835
38.681	Model5	6.69	7.327	0.153	95.317	0.3	12.601145858056608
38.846	Model5	6.931	6.69	0.151	95.455	0.3	12.454469060578257
39.017	Model5	6.568	6.931	0.156	95.575	0.3	12.261823879881424
39.18	Model5	6.994	6.568	0.152	95.712	0.3	12.514296114404718
39.335	Model5	7.271	6.994	0.141	95.87	0.3	12.538613079988401
39.504	Model5	7.243	7.271	0.143	95.991	0.3	12.480633210837189
39.673	Model5	7.06	7.243	0.145	96.11	0.3	12.398692230834264
39.839	Model5	7.158	7.06	0.143	96.237	0.3	12.446338329510283
40.016	Model5	6.692	7.158	0.153	96.336	0.3	12.389353135956945
40.538	Model5	12.453	6.692	0.084	95.615	0.3	12.42565293643646
41.677	Model3	4.778	3.954	0.213	93.673	0.3	1.9826603066046544
42.661	Model3	5.592	4.778	0.183	92.168	0.3	1.9900523572629987
43.687	Model3	5.196	5.592	0.196	90.644	0.3	1.981439874225008
44.689	Model3	5.539	5.196	0.184	89.239	0.3	1.988543708284619
45.721	Model3	5.042	5.539	0.203	87.838	0.3	1.9838475244143605
46.716	Model3	5.501	5.042	0.186	86.565	0.3	1.9865084458379412
47.709	Model3	6.192	5.501	0.166	85.35	0.3	1.9897087237707418
48.841	Model2	3.579	3.629	0.283	83.987	0.3	1.9855492410345505
49.837	Model2	3.819	3.579	0.266	82.91	0.3	1.9816682982511178
50.879	Model1	3.474	3.494	0.291	81.842	0.3	1.989189722411004
51.901	Model1	3.385	3.474	0.299	80.847	0.3	1.984652001305971
52.909	Model1	3.467	3.385	0.292	79.911	0.3	1.9841628541868999
53.921	Model1	3.504	3.467	0.289	79.004	0.3	1.9837865346886807
54.928	Model1	3.614	3.504	0.281	78.139	0.3	1.98877471622659
55.95	Model1	3.455	3.614	0.294	77.283	0.3	1.982264883041143
56.959	Model1	3.594	3.455	0.282	76.476	0.3	1.9880394488685729
57.99	Model1	3.393	3.594	0.298	75.668	0.3	1.9898654210271876
58.99	Model1	3.565	3.393	0.284	74.928	0.3	1.9876136196161445
59.983	Model1	3.868	3.565	0.262	74.221	0.3	1.9893840802943354
60.402	Model1	3.558	3.868	0.285	74.236	0.3	1.9824756935089733
60.462	Model4	21.577	13.931	0.11	74.559	0.3	8.81752782344359
60.732	Model3	6.847	10.276	0.15	74.689	0.3	8.915666543378356
60.893	Model4	13.612	14.377	0.077	74.886	0.3	8.802963491547123
61.152	Model4	9.964	13.612	0.104	74.961	0.3	8.638200155286858
61.38	Model4	10.336	9.964	0.101	75.073	0.3	8.751698465955565
61.601	Model4	11.728	10.336	0.089	75.193	0.3	8.722432954016105
61.816	Model4	14.494	11.728	0.073	75.321	0.3	8.676135117804025
62.065	Model4	11.402	14.494	0.092	75.405	0.3	8.793403538490889
62.316	Model4	9.593	11.402	0.108	75.486	0.3	8.750785510717579
62.526	Model4	12.277	9.593	0.085	75.616	0.3	8.653080760359632
62.759	Model4	12.202	12.277	0.086	75.718	0.3	8.751406299554324
62.98	Model4	13.767	12.202	0.077	75.833	0.3	8.791007581013304
63.236	Model4	10.453	13.767	0.1	75.907	0.3	8.82398333789157
63.455	Model4	12.372	10.453	0.085	76.022	0.3	8.732384513528594
63.654	Model4	19.858	12.372	0.052	76.162	0.3	8.645999402203602
63.989	Model3	6.476	9.457	0.158	76.2	0.3	8.786624517388672
64.237	Model4	5.897	13.598	0.174	76.28	0.3	8.910533594780684
64.406	Model5	9.626	8.844	0.106	76.406	0.3	8.677535212433176
64.576	Model5	23.262	9.626	0.044	76.53	0.3	8.747555179224289
64.884	Model4	8.505	15.509	0.121	76.536	0.3	8.754858761425472
65.084	Model4	12.707	8.505	0.083	76.67	0.3	8.437036590026754
65.318	Model4	12.457	12.707	0.084	76.763	0.3	8.790528546188847
65.547	Model4	12.968	12.457	0.081	76.861	0.3	8.681540540932131
65.794	Model4	10.687	12.968	0.097	76.937	0.3	8.702074113724587
66.039	Model4	9.509	10.687	0.109	77.015	0.3	8.764994389054792
66.285	Model4	8.524	9.509	0.121	77.092	0.3	8.597404567321982
66.486	Model4	12.503	8.524	0.084	77.219	0.3	8.481000014154196
66.744	Model4	9.407	12.503	0.11	77.281	0.3	8.62097783660793
66.986	Model4	8.788	9.407	0.118	77.36	0.3	8.796815422883485
67.286	Model4	5.555	8.788	0.184	77.371	0.3	8.619649073773424
67.424	Model5	11.971	8.333	0.086	77.525	0.3	8.71549121345172
67.691	Model4	8.592	7.981	0.12	77.574	0.3	8.827270373963755
67.907	Model4	10.2	8.592	0.102	77.68	0.3	8.755169433856713
68.124	Model4	12.06	10.2	0.087	77.785	0.3	8.683355830303833
68.372	Model4	10.018	12.06	0.104	77.854	0.3	8.807695780634134
68.61	Model4	9.293	10.018	0.111	77.933	0.3	8.744527769264607
68.809	Model4	13.459	9.293	0.078	78.057	0.3	8.812914585640234
69.05	Model4	11.908	13.459	0.088	78.132	0.3	8.80536597142767
69.302	Model4	9.57	11.908	0.108	78.194	0.3	8.820865702905165
69.524	Model4	10.845	9.57	0.096	78.29	0.3	8.754292297866478
69.732	Model4	14.573	10.845	0.072	78.4	0.3	8.689724327392815
69.988	Model4	11.132	14.573	0.094	78.457	0.3	8.724700929194428
70.23	Model4	10.002	11.132	0.104	78.527	0.3	8.656402466710144
70.47	Model4	9.372	10.002	0.111	78.601	0.3	8.746971419037987
70.712	Model4	8.609	9.372	0.12	78.671	0.3	8.899152371556179
71.016	Model4	5.522	8.609	0.185	78.673	0.3	8.403499000228404
71.228	Model5	6.353	8.283	0.161	78.733	0.3	8.70682504162117
71.489	Model5	5.528	6.353	0.185	78.74	0.3	8.664001966507405
71.699	Model5	6.493	5.528	0.158	78.801	0.3	8.65813576640829
71.941	Model5	6.261	6.493	0.164	78.828	0.3	8.673874380630165
72.176	Model5	6.293	6.261	0.163	78.863	0.3	8.703898001195299
72.41	Model5	6.418	6.293	0.16	78.898	0.3	8.716288136192002
72.659	Model5	6.009	6.418	0.17	78.917	0.3	8.62979346783917
72.89	Model5	6.213	6.009	0.165	78.955	0.3	8.665845736812093
73.121	Model5	6.406	6.213	0.16	78.992	0.3	8.664109349082112
73.368	Model5	6.0	6.406	0.17	79.013	0.3	8.769374229024232
73.608	Model5	5.915	6.0	0.173	79.041	0.3	8.724192800254594
73.837	Model5	6.211	5.915	0.165	79.08	0.3	8.66069230959834
74.072	Model5	6.243	6.211	0.164	79.112	0.3	8.782319377702398
74.311	Model5	6.128	6.243	0.167	79.14	0.3	8.63304400804375
74.561	Model5	5.668	6.128	0.181	79.157	0.3	8.686916720170661
74.784	Model5	6.115	5.668	0.167	79.202	0.3	8.736568031561012
75.023	Model5	6.06	6.115	0.169	79.229	0.3	8.617453084101397
75.258	Model5	6.146	6.06	0.166	79.261	0.3	8.734603097914594
75.506	Model5	5.78	6.146	0.177	79.278	0.3	8.66606059604291
75.749	Model5	5.66	5.78	0.181	79.301	0.3	8.591434587747544
75.964	Model5	6.483	5.66	0.158	79.353	0.3	8.672439603338047
76.219	Model5	5.892	6.483	0.174	79.363	0.3	8.57254042741052
76.437	Model5	6.528	5.892	0.157	79.411	0.3	8.769245886969811
76.693	Model5	5.728	6.528	0.179	79.421	0.3	8.779708913249618
76.911	Model5	6.38	5.728	0.16	79.468	0.3	8.774676203606269
77.156	Model5	6.059	6.38	0.169	79.489	0.3	8.74447307631366
77.386	Model5	6.222	6.059	0.165	79.523	0.3	8.759429696783638
77.621	Model5	6.27	6.222	0.163	79.553	0.3	8.705614236819548
77.857	Model5	6.179	6.27	0.166	79.582	0.3	8.743178876143107
78.094	Model5	6.181	6.179	0.165	79.609	0.3	8.74813901733441
78.324	Model5	6.479	6.181	0.158	79.643	0.3	8.673372154579143
78.568	Model5	6.172	6.479	0.166	79.664	0.3	8.775906296685317
78.815	Model5	5.774	6.172	0.177	79.68	0.3	8.71192495908143
79.043	Model5	6.122	5.774	0.167	79.716	0.3	8.64860228179533
79.279	Model5	6.115	6.122	0.167	79.744	0.3	8.774786347137523
79.518	Model5	6.121	6.115	0.167	79.769	0.3	8.61630240741844
79.763	Model5	5.842	6.121	0.175	79.786	0.3	8.73755082994467
79.891	Model5	15.608	5.842	0.066	79.922	0.3	8.61150828032801
80.335	Model4	15.116	10.406	0.069	79.778	0.3	8.767724403194114
80.748	Model1	4.014	3.86	0.251	79.767	0.3	3.0679762772067494
80.93	Model3	6.543	7.487	0.199	79.933	0.3	8.515903728940199
81.172	Model4	5.123	13.74	0.196	79.991	0.3	7.710953945372752
81.384	Model5	5.636	7.685	0.179	80.04	0.3	8.874861670951429
81.622	Model5	5.465	5.636	0.185	80.064	0.3	8.785225804154353
81.847	Model5	5.522	5.465	0.183	80.101	0.3	8.839436964039967
82.087	Model5	5.361	5.522	0.188	80.123	0.3	8.791726231150722
82.299	Model5	5.911	5.361	0.17	80.171	0.3	8.869231663864836
82.545	Model5	5.456	5.911	0.185	80.186	0.3	8.813914636888413
82.778	Model5	5.287	5.456	0.19	80.215	0.3	8.857039083022915
82.974	Model5	6.378	5.287	0.159	80.278	0.3	8.868875337263493
83.223	Model5	5.702	6.378	0.178	80.291	0.3	8.786606110375573
83.451	Model5	5.648	5.702	0.178	80.323	0.3	8.855748746371074
83.676	Model5	5.9	5.648	0.171	80.358	0.3	8.914396961588407
83.918	Model5	5.704	5.9	0.177	80.377	0.3	8.898227272341545
84.159	Model5	5.373	5.704	0.188	80.396	0.3	8.770382761613014
84.383	Model5	5.546	5.373	0.183	80.431	0.3	8.858142712625423
84.625	Model5	5.182	5.546	0.196	80.449	0.3	8.762540660130405
84.841	Model5	5.496	5.182	0.184	80.491	0.3	8.895981403359189
85.08	Model5	5.152	5.496	0.196	80.512	0.3	8.90843287512956
85.297	Model5	5.772	5.152	0.175	80.554	0.3	8.806456760365839
85.561	Model5	4.871	5.772	0.207	80.55	0.3	8.92954178207451
85.786	Model5	5.171	4.871	0.198	80.584	0.3	8.924297906112297
86.019	Model5	5.044	5.171	0.201	80.61	0.3	8.823946210227799
86.246	Model5	5.076	5.044	0.2	80.641	0.3	8.84474941692991
86.468	Model5	5.222	5.076	0.194	80.677	0.3	8.85825496155154
86.705	Model5	4.983	5.222	0.202	80.699	0.3	8.819845527207272
86.94	Model5	5.014	4.983	0.201	80.723	0.3	8.763492690305906
87.166	Model5	5.292	5.014	0.191	80.754	0.3	8.853729843603887
87.381	Model5	5.859	5.292	0.172	80.796	0.3	8.885841943472855
87.632	Model5	5.414	5.859	0.186	80.804	0.3	8.75102286075532
87.878	Model5	5.004	5.414	0.203	80.817	0.3	8.917448357386446
88.097	Model5	5.207	5.004	0.194	80.855	0.3	8.852963649334916
88.328	Model5	5.124	5.207	0.197	80.88	0.3	8.920729515605892
88.558	Model5	5.356	5.124	0.188	80.908	0.3	8.768824218096672
88.784	Model5	5.629	5.356	0.179	80.938	0.3	8.898227272341545
89.035	Model5	5.198	5.629	0.194	80.946	0.3	8.834912436649802
89.23	Model5	6.687	5.198	0.151	81.004	0.3	8.78774749104318
89.511	Model5	5.168	6.687	0.195	80.984	0.3	8.84538360959973
89.7	Model5	6.836	5.168	0.148	81.048	0.3	8.807751267308685
89.945	Model5	6.173	6.836	0.165	81.061	0.3	8.902627931509496
90.188	Model5	5.598	6.173	0.18	81.075	0.3	8.780186769548315
90.41	Model5	5.801	5.598	0.174	81.109	0.3	8.89305781128747
90.643	Model5	5.65	5.801	0.179	81.132	0.3	8.83755583649389
90.893	Model5	4.991	5.65	0.202	81.14	0.3	8.934144746511484
91.124	Model5	4.942	4.991	0.205	81.164	0.3	8.786900631840046
91.352	Model5	4.998	4.942	0.202	81.191	0.3	8.769869297854946
91.575	Model5	5.407	4.998	0.188	81.223	0.3	8.84163573161657
91.835	Model5	4.635	5.407	0.219	81.222	0.3	8.796981473985348
92.034	Model5	5.647	4.635	0.188	81.274	0.3	8.817842959586764
92.248	Model5	5.891	5.647	0.172	81.313	0.3	8.818881214453171
92.499	Model5	5.206	5.891	0.194	81.32	0.3	8.79862387245647
92.685	Model5	6.7	5.206	0.151	81.383	0.3	8.910836482917885
92.967	Model5	5.122	6.7	0.197	81.362	0.3	8.768677560167918
93.198	Model5	5.236	5.122	0.193	81.386	0.3	8.803443882637652
93.398	Model5	6.148	5.236	0.164	81.436	0.3	8.869081628121874
93.555	Model5	11.839	6.148	0.086	81.524	0.3	8.848649275851521
93.898	Model4	5.118	7.893	0.197	81.482	0.3	8.899756621817465
94.078	Model5	7.008	7.676	0.144	81.55	0.3	8.832921623505577
94.326	Model5	6.58	7.008	0.155	81.558	0.3	8.829295812598412
94.563	Model5	6.244	6.58	0.162	81.575	0.3	8.789589052578638
94.827	Model5	5.174	6.244	0.195	81.57	0.3	8.809360685038824
95.053	Model5	5.285	5.174	0.191	81.597	0.3	8.833051836189721
95.295	Model5	4.961	5.285	0.203	81.61	0.3	8.834503037298532
95.519	Model5	5.264	4.961	0.192	81.638	0.3	8.855094371490098
95.746	Model5	5.449	5.264	0.185	81.664	0.3	8.863796109426346
95.855	Model5	16.853	5.449	0.062	81.79	0.3	8.846577630790778
96.096	Model4	13.835	11.236	0.074	81.835	0.3	8.836680733260717
96.405	Model4	6.588	13.835	0.155	81.821	0.3	8.824391762814848
96.665	Model5	5.703	9.882	0.179	81.818	0.3	8.682798581539728
96.893	Model5	5.96	5.703	0.172	81.843	0.3	8.735348940858435
97.128	Model5	6.011	5.96	0.171	81.861	0.3	8.782963040519318
97.355	Model5	6.347	6.011	0.162	81.886	0.3	8.726951926177918
97.611	Model5	5.649	6.347	0.181	81.886	0.3	8.746770769468183
97.836	Model5	6.092	5.649	0.168	81.913	0.3	8.667045503856906
98.073	Model5	6.114	6.092	0.167	81.929	0.3	8.682079656550728
98.306	Model5	6.27	6.114	0.163	81.948	0.3	8.648495283262024
98.545	Model5	6.172	6.27	0.166	81.962	0.3	8.639979565478017
98.794	Model5	5.748	6.172	0.178	81.968	0.3	8.755827401206606
99.009	Model5	6.569	5.748	0.156	82.003	0.3	8.694317595285426
99.285	Model5	5.267	6.569	0.194	81.986	0.3	8.617807200299156
99.492	Model5	6.416	5.267	0.16	82.027	0.3	8.573434092158758
99.735	Model5	6.23	6.416	0.164	82.037	0.3	8.617063589895304
99.971	Model5	6.297	6.23	0.163	82.054	0.3	8.689472288517635
100.217	Model5	5.928	6.297	0.173	82.062	0.3	8.762705419781303
100.442	Model5	6.286	5.928	0.163	82.087	0.3	8.741210968028327
100.687	Model5	6.019	6.286	0.17	82.096	0.3	8.655723631260706
100.917	Model5	6.192	6.019	0.165	82.117	0.3	8.763291282055567
101.157	Model5	6.082	6.192	0.168	82.13	0.3	8.657957043627244
101.379	Model5	6.739	6.082	0.152	82.157	0.3	8.617824906873008
101.636	Model5	5.878	6.739	0.174	82.156	0.3	8.718244837298247
101.88	Model5	5.622	5.878	0.181	82.165	0.3	8.635212395593355
102.116	Model5	5.684	5.622	0.18	82.181	0.3	8.662480999273015
102.34	Model5	6.049	5.684	0.169	82.206	0.3	8.750493405268275
102.576	Model5	6.082	6.049	0.168	82.222	0.3	8.73138470057518
102.813	Model5	6.007	6.082	0.17	82.237	0.3	8.829779082055838
103.06	Model5	5.683	6.007	0.18	82.243	0.3	8.617700962384017
103.295	Model5	5.693	5.683	0.179	82.26	0.3	8.771960204873377
103.511	Model5	6.48	5.693	0.158	82.291	0.3	8.705216732563327
103.76	Model5	6.076	6.48	0.169	82.296	0.3	8.575309641515066
103.987	Model5	6.422	6.076	0.16	82.318	0.3	8.665881545944025
104.22	Model5	6.48	6.422	0.158	82.335	0.3	8.743306456319988
104.473	Model5	5.808	6.48	0.176	82.337	0.3	8.830875928238017
104.706	Model5	5.857	5.808	0.175	82.354	0.3	8.785777874599129
104.934	Model5	6.094	5.857	0.168	82.375	0.3	8.753872065818335
105.167	Model5	6.286	6.094	0.163	82.393	0.3	8.638235736307823
105.412	Model5	5.993	6.286	0.171	82.4	0.3	8.631747050930613
105.657	Model5	5.751	5.993	0.178	82.408	0.3	8.607249347936277
105.887	Model5	5.973	5.751	0.171	82.427	0.3	8.785796278142255
106.113	Model5	6.467	5.973	0.159	82.45	0.3	8.688896254557507
106.358	Model5	6.134	6.467	0.167	82.458	0.3	8.779212732912754
106.588	Model5	6.337	6.134	0.161	82.477	0.3	8.731166589991735
106.825	Model5	6.196	6.337	0.165	82.49	0.3	8.825635835291989
107.06	Model5	6.272	6.196	0.163	82.505	0.3	8.665451855892039
107.297	Model5	6.161	6.272	0.166	82.518	0.3	8.779690535199947
107.533	Model5	6.24	6.161	0.164	82.533	0.3	8.636794939377966
107.769	Model5	6.297	6.24	0.163	82.547	0.3	8.685495610974325
108.011	Model5	6.104	6.297	0.168	82.556	0.3	8.733093610562237
108.243	Model5	6.242	6.104	0.164	82.574	0.3	8.751808033385498
108.478	Model5	6.215	6.242	0.165	82.588	0.3	8.81769465741934
108.726	Model5	5.885	6.215	0.174	82.593	0.3	8.609899640561718
108.97	Model5	5.696	5.885	0.18	82.601	0.3	8.643077487383547
109.186	Model5	6.367	5.696	0.161	82.63	0.3	8.82262838055292
109.426	Model5	6.156	6.367	0.166	82.64	0.3	8.76407865786004
109.674	Model5	5.731	6.156	0.178	82.645	0.3	8.638324690142644
109.901	Model5	6.095	5.731	0.168	82.666	0.3	8.714622009370553
110.14	Model5	6.002	6.095	0.17	82.676	0.3	8.62021596247991
110.361	Model5	6.598	6.002	0.155	82.702	0.3	8.777816378209824
110.605	Model5	6.36	6.598	0.161	82.709	0.3	8.613542036747628
110.849	Model5	6.091	6.36	0.168	82.716	0.3	8.769539245757201
111.08	Model5	6.358	6.091	0.161	82.734	0.3	8.6095285013445
111.318	Model5	6.293	6.358	0.163	82.745	0.3	8.639997363282054
