1.066	Model4	4.509	10.0	0.223	22.514	0.6	15
1.325	Model4	14.1	4.509	0.075	36.215	0.6	4.949597771072323
1.765	Model4	10.482	14.1	0.1	40.784	0.6	4.929603685769357
2.153	Model4	13.975	10.482	0.075	44.588	0.6	4.920408713911993
2.565	Model4	15.338	13.975	0.07	46.79	0.6	4.913296097762117
2.975	Model4	15.916	15.338	0.067	48.397	0.6	4.888853662061795
3.411	Model4	12.401	15.916	0.085	49.254	0.6	4.94557082772762
3.811	Model4	15.253	12.401	0.069	50.376	0.6	4.8702453524692
4.228	Model4	14.974	15.253	0.071	51.087	0.6	4.8805424293658435
4.652	Model4	13.157	14.974	0.08	51.591	0.6	4.9307917026691825
5.063	Model4	14.366	13.157	0.074	52.139	0.6	4.892885765114176
5.48	Model4	13.951	14.366	0.076	52.555	0.6	4.861692891709409
5.912	Model4	11.3	13.951	0.092	52.772	0.6	4.879457970367061
6.287	Model4	18.865	11.3	0.055	53.441	0.6	4.907426712765522
6.728	Model4	12.634	18.865	0.083	53.508	0.6	4.947390894582445
7.14	Model4	13.611	12.634	0.077	53.781	0.6	4.882894692419722
7.547	Model4	14.947	13.611	0.071	54.062	0.6	4.888420620786753
7.969	Model4	13.491	14.947	0.078	54.207	0.6	4.920056634028981
8.38	Model4	14.179	13.491	0.074	54.416	0.6	4.911265232425116
8.792	Model4	14.481	14.179	0.073	54.593	0.6	4.905905608515118
9.231	Model4	10.893	14.481	0.096	54.596	0.6	4.9250886545642425
9.631	Model4	13.291	10.893	0.079	54.824	0.6	4.893308180238955
10.038	Model4	14.934	13.291	0.071	54.99	0.6	4.904958982125211
10.457	Model4	13.857	14.934	0.076	55.08	0.6	4.901101674713831
10.865	Model4	15.669	13.857	0.068	55.223	0.6	4.907231499475266
11.287	Model4	14.061	15.669	0.075	55.283	0.6	4.895112828024065
11.704	Model4	13.894	14.061	0.076	55.364	0.6	4.898749005780198
12.12	Model4	14.546	13.894	0.073	55.448	0.6	4.903662983535222
12.531	Model4	15.455	14.546	0.069	55.54	0.6	4.879889425112972
12.949	Model4	14.446	15.455	0.073	55.603	0.6	4.902900614162441
13.379	Model4	12.026	14.446	0.087	55.611	0.6	4.9315453759825045
13.785	Model4	12.922	12.026	0.081	55.713	0.6	4.906490978513139
14.19	Model4	15.125	12.922	0.07	55.815	0.6	4.941591185424659
14.604	Model4	14.986	15.125	0.071	55.875	0.6	4.908311108666625
15.014	Model4	15.813	14.986	0.067	55.948	0.6	4.930287449954274
15.433	Model4	14.469	15.813	0.073	55.982	0.6	4.928833229726442
15.849	Model4	14.923	14.469	0.071	56.028	0.6	4.919681522386799
16.277	Model4	12.366	14.923	0.085	56.029	0.6	4.865211848727701
16.703	Model4	10.886	12.366	0.096	56.038	0.6	4.927321981969705
17.107	Model4	11.738	10.886	0.088	56.117	0.6	4.8994642986470796
17.5	Model4	15.754	11.738	0.068	56.228	0.6	4.933772957026117
17.91	Model4	17.211	15.754	0.062	56.281	0.6	4.886467191160726
18.356	Model4	11.2	17.211	0.094	56.222	0.6	4.927183063184135
18.748	Model4	14.618	11.2	0.072	56.327	0.6	4.8946558293413
19.175	Model4	12.447	14.618	0.084	56.323	0.6	4.913175234424876
19.579	Model4	14.419	12.447	0.073	56.387	0.6	4.8852776742452475
19.998	Model4	14.015	14.419	0.076	56.406	0.6	4.912536484125013
20.158	Model4	14.722	14.015	0.072	57.149	0.6	12.715676377052809
20.356	Model4	9.59	14.722	0.107	57.773	0.6	12.443458164352107
20.49	Model4	12.985	9.59	0.079	58.565	0.6	12.478368230961008
20.696	Model4	8.545	12.985	0.121	59.143	0.6	12.587267194449279
20.862	Model4	8.278	8.545	0.123	59.821	0.6	12.588816154776591
21.015	Model4	9.07	8.278	0.113	60.528	0.6	12.588702803289513
21.18	Model4	8.952	9.07	0.114	61.189	0.6	12.39125643669366
21.344	Model4	9.104	8.952	0.114	61.844	0.6	12.44578434805315
21.509	Model4	8.875	9.104	0.115	62.487	0.6	12.504036537521316
21.677	Model4	8.702	8.875	0.118	63.109	0.6	12.515080264963895
21.825	Model4	10.069	8.702	0.102	63.78	0.6	12.415133880735738
22.043	Model4	6.638	10.069	0.154	64.238	0.6	12.431029679377367
22.203	Model4	7.214	6.638	0.147	64.856	0.6	12.561632594385111
22.384	Model4	6.334	7.214	0.162	65.403	0.6	12.3269430280231
22.567	Model4	6.277	6.334	0.179	65.937	0.6	12.495133685856855
22.741	Model4	6.4	6.277	0.188	66.488	0.6	12.502731979813456
22.918	Model4	6.292	6.4	0.196	67.022	0.6	12.277257399775197
23.094	Model4	6.413	6.292	0.205	67.55	0.6	12.243640715766121
23.255	Model4	7.003	6.413	0.199	68.116	0.6	12.348900338583837
23.423	Model4	6.612	7.003	0.2	68.649	0.6	12.188740326578769
23.606	Model4	6.091	6.612	0.215	69.135	0.6	12.396200429136348
23.786	Model4	6.233	6.091	0.23	69.621	0.6	12.533217791456874
23.967	Model4	6.134	6.233	0.244	70.095	0.6	12.46620340373424
24.134	Model4	6.869	6.134	0.242	70.605	0.6	12.311962638220677
24.304	Model4	6.612	6.869	0.244	71.099	0.6	12.199872599978475
24.485	Model4	6.148	6.612	0.257	71.554	0.6	12.176426358862106
24.667	Model4	6.179	6.148	0.271	72.0	0.6	12.144273003390538
24.741	Model4	15.675	6.179	0.177	72.753	0.6	12.511645666284842
24.811	Model4	15.899	15.675	0.084	73.514	0.6	12.706469711474377
24.943	Model4	18.961	15.899	0.054	74.09	0.6	12.65185194122775
25.111	Model4	16.989	18.961	0.061	74.55	0.6	12.508847116224834
25.3	Model4	11.365	16.989	0.09	74.942	0.6	12.581150638910552
25.574	Model4	5.077	11.365	0.201	75.076	0.6	12.544388183887282
25.752	Model4	6.374	5.077	0.21	75.488	0.6	12.327087943900239
25.948	Model4	5.692	6.374	0.237	75.844	0.6	12.443125923376785
26.076	Model4	9.265	5.692	0.199	76.392	0.6	12.371665806356463
26.208	Model4	8.341	9.265	0.164	76.924	0.6	12.376557654231007
26.347	Model4	8.224	8.341	0.138	77.43	0.6	12.378383961799193
26.498	Model4	8.2	8.224	0.125	77.893	0.6	12.429187805224977
26.652	Model4	8.936	8.2	0.115	78.342	0.6	12.515565740749029
26.822	Model4	8.346	8.936	0.122	78.742	0.6	12.700582900573817
26.989	Model4	8.282	8.346	0.124	79.143	0.6	12.430256025747791
27.15	Model4	8.676	8.282	0.118	79.558	0.6	12.35184601656806
27.317	Model4	8.307	8.676	0.122	79.951	0.6	12.63649072065558
27.491	Model4	7.909	8.307	0.133	80.318	0.6	12.523151520942065
27.644	Model4	8.4	7.909	0.122	80.74	0.6	12.52685432688718
27.83	Model4	7.262	8.4	0.141	81.064	0.6	12.416751037614642
27.974	Model4	8.483	7.262	0.121	81.503	0.6	12.69523947890939
28.147	Model4	8.027	8.483	0.127	81.857	0.6	12.25508838568298
28.315	Model4	7.761	8.027	0.132	82.217	0.6	12.512877425051984
28.475	Model4	8.189	7.761	0.125	82.6	0.6	12.410284936532829
28.636	Model4	8.523	8.189	0.12	82.971	0.6	12.395724169319113
28.821	Model4	7.494	8.523	0.138	83.273	0.6	12.412341601709311
28.97	Model4	8.393	7.494	0.122	83.673	0.6	12.39550436943846
29.155	Model4	7.25	8.393	0.141	83.964	0.6	12.305135863028006
29.299	Model4	8.453	7.25	0.121	84.372	0.6	12.65078345322656
29.474	Model4	7.803	8.453	0.131	84.685	0.6	12.356212568014636
29.63	Model4	8.5	7.803	0.121	85.049	0.6	12.365902772249788
29.815	Model4	7.218	8.5	0.143	85.325	0.6	12.528874962287654
29.956	Model4	8.801	7.218	0.117	85.727	0.6	12.35180964160556
30.206	Model4	5.049	8.801	0.202	85.811	0.6	12.424401485843607
30.398	Model4	5.879	5.049	0.226	86.058	0.6	12.338619669170102
30.616	Model4	5.087	5.879	0.276	86.231	0.6	12.512989415148152
30.807	Model4	5.915	5.087	0.3	86.473	0.6	12.223409308818344
31.017	Model4	5.268	5.915	0.342	86.661	0.6	12.33219840639793
31.147	Model4	8.841	5.268	0.304	87.07	0.6	12.203883777634235
31.292	Model4	7.495	8.841	0.28	87.433	0.6	12.371519840485622
31.435	Model4	7.776	7.495	0.256	87.799	0.6	12.407678358542308
31.574	Model4	8.007	7.776	0.231	88.173	0.6	12.188102786438884
31.691	Model4	9.564	8.007	0.183	88.605	0.6	12.59138600277987
31.816	Model4	9.098	9.564	0.143	89.011	0.6	12.538575596690103
31.952	Model4	8.955	9.098	0.114	89.383	0.6	12.409036579448763
32.191	Model4	5.431	8.955	0.187	89.465	0.6	12.306652269846486
32.386	Model4	5.802	5.431	0.214	89.668	0.6	12.487618979566925
32.492	Model4	12.131	5.802	0.152	90.113	0.6	12.278515326539752
32.569	Model4	18.702	12.131	0.055	90.639	0.6	11.741777991780792
32.841	Model4	6.27	18.702	0.164	90.62	0.6	12.649181059571093
33.042	Model4	5.654	6.27	0.197	90.793	0.6	12.535615124136633
33.246	Model4	5.694	5.654	0.23	90.959	0.6	12.42904047887157
33.35	Model4	12.036	5.694	0.168	91.394	0.6	12.467315054811785
33.427	Model4	14.828	12.036	0.081	91.901	0.6	12.839928855908726
33.575	Model4	15.367	14.828	0.067	92.211	0.6	12.523301086826704
33.832	Model4	6.219	15.367	0.164	92.22	0.6	12.538763015422697
34.03	Model4	5.776	6.219	0.193	92.39	0.6	12.10816303553953
34.236	Model4	5.416	5.776	0.228	92.533	0.6	12.259243454319067
34.31	Model4	16.131	5.416	0.132	93.035	0.6	12.161350931316834
34.395	Model4	19.366	16.131	0.053	93.503	0.6	12.672110989253355
34.562	Model4	17.293	19.366	0.059	93.744	0.6	12.494426471727229
34.842	Model4	5.755	17.293	0.178	93.679	0.6	12.625117768700767
35.047	Model4	5.581	5.755	0.213	93.816	0.6	12.03893282050546
35.239	Model4	5.9	5.581	0.235	93.988	0.6	12.272048733530928
35.453	Model4	5.198	5.9	0.282	94.096	0.6	12.370571146274203
35.648	Model4	5.812	5.198	0.303	94.255	0.6	12.579943133420512
35.85	Model4	5.586	5.812	0.335	94.393	0.6	12.626486003197034
36.049	Model4	5.65	5.586	0.368	94.538	0.6	12.628614957531306
36.239	Model4	6.055	5.65	0.392	94.704	0.6	12.357632362040011
36.439	Model4	5.603	6.055	0.424	94.844	0.6	12.203422180454409
36.557	Model4	11.839	5.603	0.375	95.194	0.6	11.983725714285715
36.62	Model4	17.878	11.839	0.269	95.686	0.6	12.667977468702336
36.681	Model4	18.621	17.878	0.161	96.181	0.6	12.572665277798594
36.742	Model4	18.323	18.621	0.06	96.673	0.6	12.285672440963333
37.037	Model4	5.304	18.323	0.192	96.551	0.6	12.285672440963333
37.176	Model4	8.45	5.304	0.158	96.837	0.6	12.077516254801573
37.301	Model4	9.165	8.45	0.118	97.156	0.6	12.52644279587619
37.506	Model4	6.477	9.165	0.158	97.265	0.6	12.610276299570067
37.67	Model4	7.027	6.477	0.153	97.479	0.6	12.37013333647922
37.833	Model4	6.847	7.027	0.15	97.693	0.6	12.193630351042954
38.012	Model4	6.419	6.847	0.161	97.865	0.6	12.425248027775556
38.206	Model4	5.818	6.419	0.188	97.996	0.6	12.348354996835116
38.387	Model4	6.187	5.818	0.201	98.159	0.6	12.175472004830358
38.547	Model4	7.064	6.187	0.195	98.374	0.6	12.498596468225351
38.721	Model4	6.437	7.064	0.203	98.551	0.6	12.483939328999691
38.902	Model4	6.149	6.437	0.216	98.71	0.6	12.265158537762195
39.081	Model4	6.22	6.149	0.229	98.871	0.6	12.421605036989652
39.199	Model4	10.141	6.22	0.179	99.187	0.6	12.459241568194106
39.263	Model4	18.239	10.141	0.078	99.636	0.6	12.650974241418833
39.521	Model4	5.699	18.239	0.178	99.593	0.6	12.697391683417694
39.725	Model4	5.518	5.699	0.21	99.685	0.6	12.354210848767615
39.929	Model4	5.507	5.518	0.243	99.778	0.6	12.165336813864114
40.128	Model4	5.667	5.507	0.275	99.879	0.6	12.02650571317974
40.511	Model4	16.667	5.667	0.064	99.529	0.6	12.02650571317974
41.553	Model4	11.261	16.667	0.092	97.61	0.6	1.982605012781534
42.579	Model4	10.166	11.261	0.102	95.823	0.6	1.9880262567287725
43.589	Model4	10.484	10.166	0.099	94.151	0.6	1.9826902977648844
44.6	Model4	10.899	10.484	0.096	92.557	0.6	1.987104183228616
45.594	Model4	14.313	10.899	0.074	91.065	0.6	1.9860729272517377
46.625	Model4	11.856	14.313	0.088	89.566	0.6	1.9834384958738107
47.639	Model4	11.569	11.856	0.09	88.162	0.6	1.9811020155803278
48.669	Model4	9.771	11.569	0.106	86.79	0.6	1.9903621067077555
49.625	Model4	21.032	9.771	0.049	85.601	0.6	1.9881365107083302
50.681	Model4	11.063	21.032	0.094	84.292	0.6	1.9922926567439254
51.669	Model4	15.549	11.063	0.069	83.144	0.6	1.9878934027955508
52.722	Model4	9.688	15.549	0.107	81.939	0.6	1.985354691942051
53.698	Model4	15.278	9.688	0.069	80.897	0.6	1.9837105373555186
54.719	Model4	13.696	15.278	0.077	79.827	0.6	1.9876399931191129
55.731	Model4	13.923	13.696	0.076	78.807	0.6	1.9884918567346628
56.753	Model4	12.978	13.923	0.081	77.811	0.6	1.9846651487018752
57.767	Model4	13.041	12.978	0.081	76.861	0.6	1.9815278674088275
58.813	Model4	9.204	13.041	0.112	75.901	0.6	1.9875702932377752
59.799	Model4	12.743	9.204	0.083	75.052	0.6	1.9825619044827987
60.2	Model4	13.869	12.743	0.076	74.951	0.6	1.981540973445307
60.43	Model4	14.384	13.869	0.074	75.062	0.6	8.712829823387912
60.66	Model4	15.167	14.384	0.07	75.173	0.6	8.655616456448524
60.887	Model4	15.991	15.167	0.064	75.287	0.6	8.633612660067392
61.132	Model4	13.258	15.991	0.079	75.378	0.6	8.77194185924919
61.362	Model4	14.107	13.258	0.075	75.486	0.6	8.693903101305441
61.598	Model4	13.932	14.107	0.076	75.587	0.6	8.618710328346186
61.842	Model4	12.139	13.932	0.086	75.677	0.6	8.6577783282245
62.076	Model4	11.973	12.139	0.087	75.778	0.6	8.643861221882181
62.301	Model4	12.969	11.973	0.081	75.889	0.6	8.626705059646236
62.526	Model4	14.431	12.969	0.073	76.0	0.6	8.823612075312928
62.755	Model4	15.29	14.431	0.069	76.106	0.6	8.648887624161517
63.003	Model4	12.571	15.29	0.083	76.187	0.6	8.683032257797395
63.238	Model4	12.342	12.571	0.085	76.283	0.6	8.647675049121585
63.463	Model4	13.614	12.342	0.078	76.391	0.6	8.651706391361296
63.696	Model4	13.892	13.614	0.076	76.489	0.6	8.69853686862926
63.934	Model4	13.248	13.892	0.08	76.579	0.6	8.60776161060603
64.164	Model4	13.831	13.248	0.076	76.679	0.6	8.596030208941764
64.393	Model4	14.532	13.831	0.073	76.779	0.6	8.65577721966209
64.633	Model4	13.064	14.532	0.08	76.865	0.6	8.770291067246571
64.861	Model4	14.081	13.064	0.075	76.965	0.6	8.725154665768004
65.096	Model4	13.48	14.081	0.078	77.056	0.6	8.641937763602236
65.337	Model4	12.17	13.48	0.086	77.139	0.6	8.76179016678365
65.561	Model4	13.908	12.17	0.076	77.241	0.6	8.617258332597132
65.796	Model4	13.73	13.908	0.077	77.33	0.6	8.645999402203602
66.027	Model4	15.018	13.73	0.071	77.423	0.6	8.633132854984582
66.263	Model4	13.732	15.018	0.077	77.509	0.6	8.47793148613795
66.51	Model4	11.832	13.732	0.089	77.583	0.6	8.7994360712967
66.749	Model4	11.212	11.832	0.093	77.664	0.6	8.616107707919918
66.961	Model4	14.433	11.212	0.073	77.777	0.6	8.585139002034575
67.193	Model4	14.552	14.433	0.073	77.865	0.6	8.784747399220446
67.424	Model4	14.871	14.552	0.071	77.954	0.6	8.720419980248453
67.666	Model4	13.133	14.871	0.08	78.03	0.6	8.733620962502707
67.91	Model4	11.56	13.133	0.09	78.103	0.6	8.655687906028414
68.13	Model4	13.622	11.56	0.077	78.204	0.6	8.62580025542364
68.359	Model4	14.468	13.622	0.073	78.292	0.6	8.791873661086726
68.59	Model4	14.598	14.468	0.072	78.379	0.6	8.704656674539168
68.827	Model4	13.862	14.598	0.076	78.458	0.6	8.73329363311165
69.072	Model4	11.59	13.862	0.09	78.526	0.6	8.708976406073832
69.309	Model4	10.92	11.59	0.095	78.604	0.6	8.756192981357383
69.537	Model4	11.553	10.92	0.091	78.692	0.6	8.679474551158421
69.752	Model4	14.572	11.553	0.072	78.794	0.6	8.680749959124372
69.985	Model4	14.63	14.572	0.072	78.874	0.6	8.61585992128378
70.233	Model4	12.295	14.63	0.085	78.938	0.6	8.649369182102012
70.457	Model4	13.655	12.295	0.077	79.027	0.6	8.696426720187766
70.704	Model4	11.328	13.655	0.092	79.091	0.6	8.686143147370013
70.92	Model4	13.898	11.328	0.076	79.187	0.6	8.821849004616727
71.162	Model4	12.379	13.898	0.085	79.255	0.6	8.704060562921397
71.389	Model4	13.534	12.379	0.078	79.34	0.6	8.641777514051658
71.633	Model4	11.714	13.534	0.09	79.404	0.6	8.623175623305146
71.858	Model4	12.981	11.714	0.081	79.49	0.6	8.677445449222832
72.085	Model4	14.062	12.981	0.075	79.573	0.6	8.68990436411251
72.33	Model4	11.88	14.062	0.088	79.634	0.6	8.681414756921447
72.549	Model4	14.846	11.88	0.071	79.726	0.6	8.739134692516851
72.793	Model4	12.792	14.846	0.082	79.788	0.6	8.564260992965727
73.024	Model4	13.107	12.792	0.08	79.865	0.6	8.718480425374468
73.248	Model4	15.079	13.107	0.071	79.948	0.6	8.750949828603142
73.479	Model4	15.667	15.079	0.07	80.023	0.6	8.73966277431884
73.711	Model4	15.39	15.667	0.069	80.097	0.6	8.730712227939584
73.962	Model4	12.05	15.39	0.087	80.149	0.6	8.803092822452346
74.189	Model4	12.808	12.05	0.082	80.228	0.6	8.616444012580658
74.414	Model4	14.226	12.808	0.074	80.308	0.6	8.764518184952617
74.656	Model4	12.65	14.226	0.083	80.369	0.6	8.649119478698395
74.875	Model4	15.033	12.65	0.07	80.454	0.6	8.706463572089856
75.129	Model4	11.223	15.033	0.093	80.501	0.6	8.734530339568261
75.341	Model4	14.922	11.223	0.071	80.594	0.6	8.74689845449294
75.578	Model4	14.339	14.922	0.074	80.659	0.6	8.74104701567189
75.805	Model4	15.362	14.339	0.069	80.734	0.6	8.652884395198141
76.044	Model4	14.215	15.362	0.074	80.795	0.6	8.771354839789034
76.278	Model4	14.194	14.215	0.074	80.862	0.6	8.57520444880602
76.518	Model4	12.807	14.194	0.082	80.922	0.6	8.74099236625313
76.746	Model4	13.942	12.807	0.076	80.994	0.6	8.75016480994701
76.989	Model4	12.356	13.942	0.085	81.051	0.6	8.58350506602926
77.21	Model4	14.503	12.356	0.073	81.13	0.6	8.698482749467013
77.458	Model4	12.051	14.503	0.088	81.179	0.6	8.611879590257002
77.696	Model4	11.105	12.051	0.094	81.239	0.6	8.668890569906207
77.923	Model4	11.888	11.105	0.088	81.311	0.6	8.715672319460058
78.144	Model4	14.032	11.888	0.075	81.388	0.6	8.702832469130422
78.37	Model4	15.085	14.032	0.07	81.46	0.6	8.715799098144338
78.618	Model4	12.416	15.085	0.085	81.508	0.6	8.747847088537897
78.839	Model4	14.082	12.416	0.075	81.584	0.6	8.670682647901533
79.069	Model4	14.564	14.082	0.073	81.651	0.6	8.771446556400663
79.318	Model4	11.834	14.564	0.089	81.696	0.6	8.799399149914613
79.533	Model4	14.828	11.834	0.071	81.777	0.6	8.662946179616082
79.772	Model4	13.802	14.828	0.076	81.833	0.6	8.642400740134798
80.02	Model4	11.811	13.802	0.089	81.88	0.6	8.652759440190124
80.438	Model4	11.125	11.811	0.092	81.752	0.6	8.617435379055438
80.717	Model4	7.187	11.125	0.141	81.767	0.6	7.987203120001219
80.957	Model4	6.945	7.187	0.146	81.821	0.6	8.59138179308028
81.303	Model4	3.963	6.945	0.254	81.768	0.6	8.833684352411922
81.544	Model4	4.466	3.963	0.263	81.821	0.6	8.798734618014912
81.775	Model4	4.513	4.466	0.265	81.884	0.6	8.762211159415143
81.996	Model4	4.731	4.513	0.259	81.955	0.6	8.875950963607853
82.219	Model4	4.78	4.731	0.254	82.025	0.6	8.903327149146454
82.436	Model4	4.803	4.78	0.244	82.1	0.6	8.821088318057734
82.64	Model4	5.295	4.803	0.221	82.188	0.6	8.838747745165804
82.85	Model4	5.105	5.295	0.203	82.269	0.6	8.897472231886026
83.087	Model4	4.754	5.105	0.212	82.324	0.6	8.892661859521391
83.312	Model4	4.849	4.754	0.208	82.389	0.6	8.859246617297302
83.57	Model4	4.484	4.849	0.225	82.422	0.6	8.860781314697606
83.802	Model4	4.662	4.484	0.223	82.48	0.6	8.843928831985965
84.03	Model4	4.755	4.662	0.222	82.542	0.6	8.918699843923433
84.263	Model4	4.725	4.755	0.224	82.598	0.6	8.566342473643148
84.514	Model4	4.332	4.725	0.248	82.637	0.6	8.903157059072008
84.749	Model4	4.606	4.332	0.254	82.691	0.6	8.773813508266953
84.95	Model4	5.305	4.606	0.227	82.778	0.6	8.874392230709011
85.117	Model4	7.206	5.305	0.165	82.897	0.6	8.760911703763117
85.374	Model4	5.345	7.206	0.19	82.929	0.6	8.78752655551412
85.615	Model4	5.017	5.345	0.201	82.976	0.6	8.774198946921409
85.858	Model4	4.646	5.017	0.217	83.02	0.6	8.863327839060057
86.088	Model4	4.809	4.646	0.218	83.077	0.6	8.739262154694982
86.311	Model4	4.786	4.809	0.212	83.141	0.6	8.794011950938254
86.54	Model4	4.807	4.786	0.211	83.199	0.6	8.785557038095218
86.761	Model4	4.937	4.807	0.204	83.263	0.6	8.804534195390234
87.004	Model4	4.789	4.937	0.212	83.307	0.6	8.810248891446864
87.235	Model4	4.717	4.789	0.214	83.361	0.6	8.76689972304959
87.459	Model4	4.823	4.717	0.21	83.422	0.6	8.796778523489932
87.696	Model4	4.562	4.823	0.221	83.47	0.6	8.90054982482424
87.916	Model4	5.073	4.562	0.21	83.534	0.6	8.869888129930002
88.13	Model4	5.159	5.073	0.196	83.604	0.6	8.859377607296523
88.373	Model4	4.773	5.159	0.212	83.646	0.6	8.851487697661511
88.6	Model4	4.925	4.773	0.207	83.702	0.6	8.742231254233756
88.84	Model4	4.667	4.925	0.216	83.746	0.6	8.8124331604171
89.078	Model4	4.649	4.667	0.219	83.791	0.6	8.897793108422592
89.297	Model4	4.891	4.649	0.208	83.855	0.6	8.791394531872259
89.532	Model4	4.771	4.891	0.213	83.903	0.6	8.825375850859013
89.745	Model4	5.097	4.771	0.197	83.971	0.6	8.860369514426104
90.003	Model4	4.557	5.097	0.221	83.997	0.6	8.800193027915613
90.254	Model4	4.275	4.557	0.237	84.029	0.6	8.872477429071862
90.517	Model4	4.081	4.275	0.272	84.051	0.6	8.909360097711222
90.75	Model4	4.474	4.081	0.277	84.099	0.6	8.782834300408119
90.974	Model4	4.768	4.474	0.272	84.156	0.6	8.819493157713238
91.21	Model4	4.566	4.768	0.28	84.201	0.6	8.847268071355195
91.443	Model4	4.601	4.566	0.284	84.249	0.6	8.788797086538441
91.669	Model4	4.721	4.601	0.28	84.304	0.6	8.764206848708241
91.897	Model4	4.638	4.721	0.281	84.355	0.6	8.79364320607166
92.118	Model4	4.783	4.638	0.276	84.413	0.6	8.913752834491216
92.345	Model4	4.651	4.783	0.275	84.466	0.6	8.872214677649309
92.608	Model4	3.986	4.651	0.31	84.485	0.6	8.807325887335715
92.814	Model4	5.118	3.986	0.288	84.556	0.6	8.873078062195896
93.053	Model4	4.408	5.118	0.3	84.597	0.6	8.891398820501731
93.284	Model4	4.579	4.408	0.299	84.645	0.6	8.834726341331896
93.514	Model4	4.62	4.579	0.3	84.693	0.6	8.78266878295356
93.718	Model4	5.306	4.62	0.274	84.765	0.6	8.857768570083017
93.981	Model4	4.405	5.306	0.309	84.783	0.6	8.858965937484818
94.23	Model4	4.329	4.405	0.329	84.814	0.6	8.913449748065599
94.494	Model4	4.06	4.329	0.364	84.831	0.6	8.89043764320855
94.7	Model4	5.212	4.06	0.343	84.899	0.6	8.88207851832087
94.897	Model4	5.547	5.212	0.311	84.977	0.6	8.673910256145126
95.144	Model4	4.352	5.547	0.329	85.008	0.6	8.924051063829788
95.38	Model4	4.78	4.352	0.335	85.05	0.6	8.746624848290216
95.617	Model4	4.621	4.78	0.34	85.09	0.6	8.764060345187847
95.804	Model4	6.139	4.621	0.298	85.174	0.6	8.904763724528575
95.961	Model4	8.436	6.139	0.227	85.285	0.6	8.762925108954082
96.031	Model4	19.76	8.436	0.064	85.472	0.6	8.58034437541298
96.352	Model4	6.608	19.76	0.154	85.436	0.6	8.58034437541298
96.609	Model4	6.165	6.608	0.166	85.458	0.6	8.771244782386844
96.855	Model4	5.839	6.165	0.175	85.489	0.6	8.682295321546636
97.097	Model4	5.619	5.839	0.182	85.523	0.6	8.76825594594764
97.336	Model4	5.509	5.619	0.185	85.559	0.6	8.676942809561737
97.571	Model4	5.581	5.509	0.183	85.599	0.6	8.630343933579564
97.82	Model4	5.342	5.581	0.195	85.627	0.6	8.676278696459821
97.947	Model4	11.896	5.342	0.086	85.761	0.6	8.62179301385266
98.259	Model4	6.216	11.896	0.165	85.732	0.6	8.843350784015653
98.513	Model4	5.702	6.216	0.179	85.756	0.6	8.711689725146794
98.75	Model4	5.669	5.702	0.18	85.792	0.6	8.708958322951446
98.978	Model4	6.052	5.669	0.169	85.837	0.6	8.47647514131487
99.225	Model4	5.761	6.052	0.178	85.866	0.6	8.61196800210253
99.461	Model4	5.801	5.761	0.176	85.903	0.6	8.724809821668162
99.683	Model4	6.267	5.801	0.164	85.952	0.6	8.737987700204997
99.944	Model4	5.408	6.267	0.188	85.968	0.6	8.714386629767217
100.174	Model4	5.649	5.408	0.181	86.011	0.6	8.716360590940546
100.426	Model4	5.266	5.649	0.193	86.034	0.6	8.654223425371502
100.653	Model4	5.587	5.266	0.183	86.078	0.6	8.629030034830446
100.884	Model4	5.733	5.587	0.178	86.119	0.6	8.81737953187607
101.124	Model4	5.604	5.733	0.182	86.152	0.6	8.763547621435496
101.359	Model4	5.748	5.604	0.179	86.189	0.6	8.705578098568893
101.586	Model4	6.092	5.748	0.168	86.233	0.6	8.690408506617823
101.842	Model4	5.453	6.092	0.187	86.251	0.6	8.750219574120086
102.079	Model4	5.524	5.453	0.185	86.286	0.6	8.468978606980242
102.314	Model4	5.622	5.524	0.182	86.322	0.6	8.690552558077856
102.552	Model4	5.596	5.622	0.183	86.356	0.6	8.767412839127335
102.806	Model4	5.076	5.596	0.201	86.376	0.6	8.76301664936058
103.012	Model4	6.098	5.076	0.168	86.437	0.6	8.70014271016561
103.273	Model4	5.27	6.098	0.194	86.451	0.6	8.737514426061487
103.477	Model4	6.319	5.27	0.162	86.512	0.6	8.760801908270984
103.742	Model4	5.34	6.319	0.191	86.523	0.6	8.734002877805704
103.982	Model4	5.266	5.34	0.194	86.554	0.6	8.66069230959834
104.219	Model4	5.238	5.266	0.195	86.587	0.6	8.70369932288716
104.435	Model4	5.88	5.238	0.175	86.638	0.6	8.824614555981956
104.659	Model4	6.202	5.88	0.165	86.681	0.6	8.827158908912596
104.917	Model4	5.523	6.202	0.185	86.697	0.6	8.69671522706444
105.147	Model4	5.68	5.523	0.18	86.736	0.6	8.660441951989032
105.4	Model4	5.176	5.68	0.197	86.755	0.6	8.762467435607636
105.672	Model4	4.441	5.176	0.229	86.759	0.6	8.61094253628693
105.808	Model4	8.586	4.441	0.128	86.875	0.6	8.708216979584718
106.066	Model4	6.723	8.586	0.152	86.89	0.6	8.74064626913571
106.33	Model4	5.61	6.723	0.182	86.899	0.6	8.796815422883485
106.564	Model4	5.748	5.61	0.178	86.934	0.6	8.667332064531195
106.819	Model4	5.237	5.748	0.195	86.951	0.6	8.606542878776375
107.091	Model4	4.423	5.237	0.23	86.954	0.6	8.750730739460348
107.297	Model4	5.561	4.423	0.197	87.011	0.6	8.66738579676722
107.517	Model4	5.665	5.561	0.181	87.056	0.6	8.61309983407534
107.763	Model4	5.419	5.665	0.189	87.08	0.6	8.647443272018045
107.993	Model4	5.578	5.419	0.183	87.117	0.6	8.762687112847457
108.242	Model4	5.307	5.578	0.192	87.138	0.6	8.551514348335797
108.394	Model4	9.563	5.307	0.107	87.238	0.6	8.770657856216804
108.684	Model4	6.266	9.563	0.163	87.226	0.6	8.64092295014421
108.962	Model4	5.011	6.266	0.203	87.223	0.6	8.679708048531655
109.084	Model4	11.518	5.011	0.089	87.346	0.6	8.641937763602236
109.419	Model4	5.264	11.518	0.193	87.297	0.6	8.832400811157415
109.641	Model4	5.751	5.264	0.178	87.339	0.6	8.767761059246036
109.779	Model4	13.093	5.751	0.081	87.449	0.6	8.753762446701716
110.125	Model4	5.309	13.093	0.192	87.392	0.6	8.76710129720284
