1.46	Model3	1.643	10.0	0.613	19.183	0.6	15
1.692	Model3	5.485	1.643	0.41	33.098	0.6	4.935474001798011
1.906	Model3	5.217	5.485	0.217	44.074	0.6	4.939216942382334
2.451	Model3	2.837	5.217	0.356	45.701	0.6	4.946323192965739
2.851	Model3	2.957	2.837	0.348	49.102	0.6	4.935421733814837
3.256	Model3	2.951	2.957	0.342	51.597	0.6	4.880156283996598
3.65	Model3	3.116	2.951	0.325	53.704	0.6	4.928323586675925
4.069	Model3	3.019	3.116	0.333	55.049	0.6	4.922522251849626
4.484	Model3	3.037	3.019	0.331	56.199	0.6	4.922135211604789
4.911	Model3	2.993	3.037	0.338	57.014	0.6	4.905423643972052
5.353	Model3	2.755	2.993	0.371	57.539	0.6	4.927090455012134
5.747	Model3	2.859	2.755	0.354	58.465	0.6	4.933842601360531
6.06	Model3	3.985	2.859	0.253	60.068	0.6	4.939193676782997
6.576	Model3	2.901	3.985	0.35	59.608	0.6	4.939653212956169
6.951	Model3	3.306	2.901	0.314	60.422	0.6	4.926633253186399
7.308	Model3	3.865	3.306	0.261	61.307	0.6	4.929383530893971
7.735	Model3	3.715	3.865	0.273	61.535	0.6	4.945652468696902
8.201	Model3	3.037	3.715	0.331	61.456	0.6	4.948715952021936
8.63	Model3	2.88	3.037	0.351	61.644	0.6	4.941527144030245
9.028	Model3	3.012	2.88	0.34	62.026	0.6	4.92533156093746
9.439	Model3	2.956	3.012	0.342	62.295	0.6	4.914320797294859
9.849	Model3	2.958	2.956	0.342	62.542	0.6	4.906628732932159
10.257	Model3	2.988	2.958	0.338	62.788	0.6	4.91909300094528
10.645	Model3	3.233	2.988	0.313	63.13	0.6	4.905635926207928
11.065	Model3	3.109	3.233	0.323	63.265	0.6	4.926563812230947
11.421	Model3	3.887	3.109	0.261	63.745	0.6	4.918147045925175
11.908	Model3	2.994	3.887	0.338	63.489	0.6	4.915219200075001
12.33	Model3	2.906	2.994	0.348	63.586	0.6	4.894136097063498
12.705	Model3	3.227	2.906	0.313	63.912	0.6	4.948190513942174
13.132	Model3	3.054	3.227	0.331	63.968	0.6	4.909816462964242
13.562	Model3	2.876	3.054	0.351	64.005	0.6	4.919110308389677
13.976	Model3	2.834	2.876	0.356	64.111	0.6	4.897559221258117
14.355	Model3	3.17	2.834	0.323	64.368	0.6	4.891151203049692
14.745	Model3	3.356	3.17	0.3	64.566	0.6	4.8752269477991
15.176	Model3	3.206	3.356	0.314	64.577	0.6	4.919081462716675
15.618	Model3	2.971	3.206	0.339	64.539	0.6	4.900088204541073
15.989	Model3	3.483	2.971	0.291	64.793	0.6	4.854703941238497
16.408	Model3	3.353	3.483	0.301	64.846	0.6	4.9385714033404176
16.839	Model3	3.177	3.353	0.317	64.848	0.6	4.9405027074207
17.242	Model3	3.258	3.177	0.309	64.956	0.6	4.900998590802121
17.662	Model3	3.199	3.258	0.315	64.999	0.6	4.933993504163711
18.108	Model3	2.935	3.199	0.344	64.943	0.6	4.922886240743849
18.494	Model3	3.162	2.935	0.319	65.102	0.6	4.940485249114806
18.917	Model3	3.017	3.162	0.334	65.127	0.6	4.929638448863115
19.298	Model3	3.332	3.017	0.302	65.293	0.6	4.921095703328949
19.72	Model3	3.257	3.332	0.309	65.313	0.6	4.907587488314025
20.13	Model3	3.25	3.257	0.31	65.375	0.6	4.944923626863349
20.471	Model3	3.178	3.25	0.381	65.655	0.6	12.535390335239109
20.817	Model3	3.121	3.178	0.565	65.906	0.6	12.497702663242016
21.159	Model3	3.261	3.121	0.738	66.165	0.6	12.451954791458233
21.551	Model3	2.905	3.261	0.97	66.263	0.6	12.028402638371093
21.887	Model3	3.198	2.905	1.144	66.522	0.6	12.220524564562465
22.243	Model3	3.045	3.198	1.335	66.716	0.6	12.364298832345304
22.598	Model3	3.056	3.045	1.524	66.91	0.6	12.276718367203575
22.941	Model3	3.172	3.056	1.7	67.128	0.6	12.312613202368407
23.344	Model3	2.712	3.172	1.941	67.17	0.6	12.384012377209636
23.742	Model3	2.826	2.712	2.174	67.224	0.6	12.035858174263382
24.06	Model3	3.381	2.826	2.328	67.497	0.6	12.526816913859737
24.349	Model3	3.726	3.381	2.455	67.847	0.6	12.218032672275173
24.694	Model3	3.098	3.726	2.639	68.032	0.6	12.538763015422697
25.049	Model3	2.981	3.098	2.829	68.188	0.6	12.339817593409826
25.384	Model3	3.257	2.981	3.0	68.389	0.6	12.092419288807394
25.668	Model3	3.91	3.257	3.121	68.723	0.6	12.066293637893587
26.031	Model3	2.996	3.91	3.321	68.841	0.6	12.40287191133506
26.286	Model3	4.471	2.996	3.412	69.237	0.6	12.358579072672843
26.573	Model3	3.729	4.471	3.536	69.543	0.6	12.761211649162092
26.871	Model3	3.597	3.729	3.671	69.815	0.6	12.133382318482541
27.2	Model3	3.365	3.597	3.832	70.0	0.6	11.435975177498337
27.516	Model3	3.466	3.365	3.984	70.213	0.6	12.203528699781202
27.835	Model3	3.414	3.466	4.139	70.416	0.6	12.563965539965732
28.158	Model3	3.366	3.414	4.298	70.602	0.6	12.289272131685507
28.475	Model3	3.439	3.366	4.45	70.798	0.6	12.532880740085579
28.845	Model3	2.988	3.439	4.659	70.862	0.6	12.569161337496778
29.161	Model3	3.415	2.988	4.812	71.054	0.6	12.715946229452532
29.501	Model3	3.124	3.415	4.99	71.184	0.6	12.71606188398723
29.774	Model3	3.981	3.124	5.098	71.471	0.6	12.691820511811857
30.061	Model3	3.831	3.981	5.216	71.72	0.6	12.583377584970643
30.357	Model3	3.632	3.831	5.342	71.943	0.6	12.695700604167424
30.647	Model3	3.667	3.632	5.465	72.177	0.6	12.660673858841001
30.928	Model3	3.769	3.667	5.582	72.426	0.6	12.472245763341867
31.233	Model3	3.521	3.769	5.723	72.615	0.6	12.733588553351812
31.545	Model3	3.509	3.521	5.873	72.785	0.6	12.549229867036873
31.848	Model3	3.628	3.509	6.016	72.971	0.6	11.991674481370508
32.105	Model3	4.168	3.628	6.111	73.259	0.6	12.465203087247126
32.403	Model3	3.688	4.168	6.249	73.451	0.6	12.282830175970856
32.609	Model3	5.2	3.688	6.295	73.845	0.6	12.499825658845653
32.914	Model3	3.481	5.2	6.44	74.011	0.6	12.105681811622228
33.213	Model3	3.613	3.481	6.574	74.189	0.6	11.861652366219648
33.524	Model3	3.392	3.613	6.726	74.335	0.6	12.509332108537581
33.839	Model3	3.392	3.392	6.872	74.47	0.6	12.446929297425624
34.091	Model3	4.311	3.392	6.965	74.741	0.6	12.769720237352226
34.395	Model3	3.457	4.311	7.106	74.894	0.6	12.62964167419452
34.698	Model3	3.532	3.457	7.249	75.048	0.6	12.449072026641577
35.03	Model3	3.15	3.532	7.421	75.135	0.6	12.592255453546532
35.361	Model3	3.256	3.15	7.592	75.225	0.6	12.457946340260843
35.745	Model3	2.777	3.256	7.814	75.199	0.6	12.47436011825098
36.107	Model3	3.053	2.777	8.015	75.22	0.6	12.560880216100959
36.44	Model3	3.286	3.053	8.188	75.301	0.6	12.079951153761966
36.786	Model3	3.125	3.286	8.373	75.354	0.6	12.53700150050515
37.08	Model3	3.826	3.125	8.504	75.513	0.6	12.599139691923197
37.338	Model3	4.395	3.826	8.597	75.741	0.6	12.61387907312452
37.613	Model3	3.878	4.395	8.711	75.932	0.6	12.366631973416911
37.918	Model3	3.476	3.878	8.85	76.06	0.6	12.422782335692919
38.16	Model3	4.487	3.476	8.933	76.31	0.6	12.482713260656709
38.376	Model3	5.046	4.487	8.986	76.611	0.6	12.672723592097192
38.637	Model3	4.077	5.046	9.087	76.817	0.6	12.65230991991071
38.942	Model3	3.524	4.077	9.232	76.934	0.6	12.73297005206357
39.214	Model3	3.909	3.524	9.343	77.115	0.6	12.715290893492147
39.549	Model3	3.229	3.909	9.518	77.17	0.6	12.513213401354456
39.903	Model3	3.036	3.229	9.71	77.186	0.6	12.733279295196981
40.22	Model3	3.431	3.036	9.867	77.275	0.6	12.655898567036097
40.582	Model3	2.934	3.431	10.068	77.275	0.6	12.659145373438848
40.922	Model3	3.141	2.934	10.246	77.318	0.6	1.983036198898204
41.241	Model3	3.284	3.141	10.408	77.398	0.6	1.983036198898204
41.561	Model3	3.264	3.284	10.567	77.477	0.6	1.993651578311936
41.916	Model3	2.945	3.264	10.762	77.487	0.6	1.9825422252305354
42.243	Model3	3.236	2.945	10.929	77.55	0.6	1.9825422252305354
42.578	Model3	3.171	3.236	11.104	77.599	0.6	1.9703612255002823
42.916	Model3	3.133	3.171	11.279	77.641	0.6	1.9868020347849895
43.276	Model3	2.913	3.133	11.478	77.642	0.6	1.9868020347849895
43.638	Model3	2.982	2.913	11.681	77.639	0.6	1.9959170893129574
44.014	Model3	2.825	2.982	11.893	77.612	0.6	1.9890925577098544
44.361	Model3	3.024	2.825	12.083	77.636	0.6	1.991121778606534
44.699	Model3	3.125	3.024	12.259	77.676	0.6	1.991121778606534
45.05	Model3	3.006	3.125	12.448	77.692	0.6	1.9894652312312968
45.385	Model3	3.162	3.006	12.623	77.734	0.6	1.9914649548463066
45.748	Model3	2.938	3.162	12.821	77.731	0.6	1.9914649548463066
46.108	Model3	2.912	2.938	13.021	77.731	0.6	1.9939975231344471
46.456	Model3	3.046	2.912	13.205	77.751	0.6	1.9926608503303758
46.792	Model3	3.144	3.046	13.381	77.792	0.6	1.9926608503303758
47.126	Model3	3.152	3.144	13.554	77.834	0.6	1.984969465677756
47.505	Model3	2.749	3.152	13.773	77.803	0.6	1.9925065521351386
47.857	Model3	3.004	2.749	13.965	77.815	0.6	1.994993376664455
48.137	Model3	3.746	3.004	14.086	77.944	0.6	1.994993376664455
48.414	Model3	3.854	3.746	14.203	78.077	0.6	1.9932517588197611
48.718	Model3	3.497	3.854	14.345	78.165	0.6	1.9932517588197611
49.029	Model3	3.346	3.497	14.497	78.24	0.6	1.9912616819102193
49.346	Model3	3.316	3.346	14.654	78.305	0.6	1.9917259614106133
49.648	Model3	3.457	3.316	14.795	78.391	0.6	1.9917259614106133
49.932	Model3	3.704	3.457	14.917	78.508	0.6	1.9909989067863267
50.25	Model3	3.282	3.704	15.064	78.567	0.6	1.9909989067863267
50.564	Model3	3.358	3.282	15.215	78.634	0.6	1.988620076400337
50.877	Model3	3.303	3.358	15.369	78.7	0.6	1.9922727838402954
51.218	Model3	3.102	3.303	15.55	78.722	0.6	1.9922727838402954
51.55	Model3	3.165	3.102	15.721	78.759	0.6	1.9878886919891616
51.879	Model3	3.221	3.165	15.887	78.799	0.6	1.9929354276803133
52.203	Model3	3.269	3.221	16.042	78.846	0.6	1.9929354276803133
52.547	Model3	3.084	3.269	16.227	78.862	0.6	1.987932974450704
52.878	Model3	3.195	3.084	16.395	78.899	0.6	1.9933701720475998
53.152	Model3	3.893	3.195	16.506	79.018	0.6	1.9933701720475998
53.435	Model3	3.738	3.893	16.63	79.124	0.6	1.991726907210963
53.65	Model3	5.079	3.738	16.681	79.33	0.6	1.991726907210963
53.886	Model3	4.461	5.079	16.759	79.501	0.6	1.9771079373668943
54.108	Model3	4.688	4.461	16.819	79.693	0.6	1.9771079373668943
54.418	Model3	3.342	4.688	16.968	79.753	0.6	1.987618329118915
54.718	Model3	3.494	3.342	17.107	79.828	0.6	1.987618329118915
55.038	Model3	3.22	3.494	17.267	79.872	0.6	1.9923210472940076
55.373	Model3	3.225	3.22	17.441	79.895	0.6	1.9923210472940076
55.666	Model3	3.639	3.225	17.575	79.977	0.6	1.9907579330272895
55.972	Model3	3.393	3.639	17.722	80.04	0.6	1.9850483779061292
56.299	Model3	3.214	3.393	17.89	80.072	0.6	1.9850483779061292
56.613	Model3	3.368	3.214	18.043	80.123	0.6	1.9870175767722449
56.931	Model3	3.326	3.368	18.202	80.168	0.6	1.9947798957501046
57.184	Model3	4.159	3.326	18.296	80.302	0.6	1.9947798957501046
57.45	Model3	3.96	4.159	18.403	80.418	0.6	1.9933938563814873
57.681	Model3	4.541	3.96	18.471	80.581	0.6	1.9933938563814873
57.966	Model3	3.632	4.541	18.589	80.668	0.6	1.986492451496913
58.306	Model3	3.034	3.632	18.77	80.678	0.6	1.986492451496913
58.668	Model3	2.891	3.034	18.973	80.657	0.6	1.995604659118429
58.989	Model3	3.279	2.891	19.127	80.694	0.6	1.9881365107083302
59.319	Model3	3.13	3.279	18.874	80.716	0.6	1.9881365107083302
59.652	Model3	3.145	3.13	18.198	80.735	0.6	1.9769802660387044
59.983	Model3	3.177	3.145	17.517	80.756	0.6	1.9880451026963692
60.351	Model3	2.848	3.177	16.879	80.728	0.6	1.9880451026963692
60.749	Model3	2.837	2.848	16.27	80.66	0.6	8.74906967042136
61.091	Model3	3.12	2.837	15.607	80.667	0.6	8.791173412924646
61.451	Model3	2.962	3.12	14.959	80.65	0.6	8.686700825528847
61.84	Model3	2.727	2.962	14.344	80.595	0.6	8.796907672721705
62.14	Model3	3.788	2.727	13.639	80.657	0.6	8.756558592037413
62.495	Model3	2.923	3.788	12.988	80.646	0.6	8.698771392781
62.837	Model3	3.115	2.923	12.324	80.653	0.6	8.681917914834779
63.221	Model3	2.765	3.115	11.696	80.606	0.6	8.754091312288026
63.49	Model3	4.161	2.765	10.959	80.705	0.6	8.726734036997506
63.753	Model3	4.088	4.161	10.209	80.812	0.6	8.832010242199377
64.05	Model3	3.526	4.088	9.5	80.874	0.6	8.698085896186308
64.366	Model3	3.435	3.526	8.809	80.912	0.6	8.754676023235572
64.674	Model3	3.412	3.435	8.11	80.96	0.6	8.638787279617729
64.973	Model3	3.532	3.412	7.403	81.018	0.6	8.70471087055327
65.274	Model3	3.641	3.532	6.698	81.074	0.6	8.735294362665467
65.63	Model3	2.982	3.641	6.043	81.06	0.6	8.792574020812195
65.921	Model3	3.745	2.982	5.796	81.127	0.6	8.771685028567605
66.17	Model3	4.464	3.745	5.816	81.246	0.6	8.729621951930202
66.492	Model3	3.292	4.464	5.907	81.272	0.6	8.889683924063778
66.765	Model3	3.922	3.292	5.95	81.36	0.6	8.797368950936304
67.11	Model3	2.983	3.922	6.062	81.358	0.6	8.733511849979386
67.408	Model3	3.736	2.983	6.127	81.415	0.6	8.789975878567132
67.65	Model3	4.638	3.736	6.137	81.538	0.6	8.839753668210808
67.942	Model3	3.605	4.638	6.197	81.598	0.6	8.848406600593226
68.265	Model3	3.266	3.605	6.288	81.623	0.6	8.891474215745715
68.578	Model3	3.475	3.266	6.371	81.659	0.6	8.85926532991718
68.93	Model3	3.095	3.475	6.493	81.648	0.6	8.821273839268438
69.212	Model3	3.979	3.095	6.544	81.72	0.6	8.70740345530565
69.466	Model3	4.119	3.979	6.567	81.824	0.6	8.864751534416584
69.697	Model3	4.901	4.119	6.565	81.955	0.6	8.867412822778762
70.057	Model3	2.877	4.901	6.693	81.934	0.6	8.741739300794912
70.399	Model3	3.129	2.877	6.807	81.933	0.6	8.728041535308133
70.768	Model3	2.961	3.129	6.944	81.902	0.6	8.92367133313476
71.106	Model3	3.1	2.961	7.053	81.906	0.6	8.842381324827498
71.437	Model3	3.265	3.1	7.152	81.918	0.6	8.830076504941031
71.795	Model3	3.029	3.265	7.28	81.9	0.6	8.882661640441349
72.138	Model3	3.113	3.029	7.392	81.899	0.6	8.90378075445263
72.514	Model3	2.858	3.113	7.537	81.86	0.6	8.747482204939862
72.85	Model3	3.286	2.858	7.644	81.867	0.6	8.555945175747265
73.215	Model3	2.973	3.286	7.782	81.841	0.6	8.79524747160205
73.546	Model3	3.227	2.973	7.883	81.854	0.6	8.774841419940083
73.926	Model3	2.923	3.227	8.031	81.812	0.6	8.762925108954082
74.251	Model3	3.319	2.923	8.128	81.83	0.6	8.818695793866889
74.625	Model3	2.808	3.319	8.266	81.796	0.6	8.840200818618298
74.935	Model3	3.461	2.808	8.344	81.831	0.6	8.76983262417279
75.304	Model3	2.967	3.461	8.483	81.802	0.6	8.829537440714395
75.674	Model3	2.896	2.967	8.619	81.772	0.6	8.831322180930021
76.037	Model3	3.046	2.896	8.754	81.75	0.6	8.748467460521073
76.398	Model3	2.955	3.046	8.887	81.73	0.6	8.709175325376457
76.762	Model3	2.929	2.955	9.018	81.708	0.6	8.808398663505338
77.129	Model3	2.945	2.929	9.158	81.681	0.6	8.882492339035025
77.482	Model3	3.131	2.945	9.282	81.671	0.6	8.757637321451316
77.841	Model3	3.04	3.131	9.415	81.654	0.6	8.872252212614015
78.204	Model3	2.939	3.04	9.55	81.632	0.6	8.794823298511657
78.594	Model3	2.833	2.939	9.705	81.584	0.6	8.780315432054831
78.914	Model3	3.4	2.833	9.795	81.608	0.6	8.85694556773045
79.219	Model3	3.704	3.4	9.871	81.647	0.6	8.743616309394016
79.618	Model3	2.645	3.704	10.043	81.59	0.6	8.84515976650808
79.979	Model3	2.957	2.645	10.174	81.571	0.6	8.90404537889338
80.273	Model3	3.736	2.957	10.236	81.622	0.6	8.778073568068043
80.52	Model3	5.398	3.736	10.255	81.719	0.6	8.778073568068043
80.717	Model3	5.535	5.398	10.226	81.866	0.6	2.092762430801394
80.913	Model3	5.817	5.535	10.185	82.014	0.6	8.499354590311762
81.148	Model3	4.451	5.817	10.192	82.122	0.6	8.745804132374436
81.364	Model3	5.378	4.451	10.179	82.248	0.6	8.872270980215466
81.646	Model3	3.713	5.378	10.233	82.306	0.6	8.577203551694662
81.913	Model3	4.268	3.713	10.271	82.38	0.6	8.718462302762726
82.349	Model3	2.376	4.268	10.474	82.284	0.6	8.749142671194587
82.808	Model3	2.278	2.376	10.703	82.166	0.6	8.785961913499948
83.26	Model3	2.327	2.278	10.924	82.056	0.6	8.75580912300039
83.745	Model3	2.158	2.327	11.17	81.915	0.6	8.801245598646965
84.088	Model3	3.146	2.158	11.283	81.914	0.6	8.872796505293888
84.484	Model3	2.693	3.146	11.451	81.862	0.6	8.71487550931784
84.847	Model3	2.901	2.693	11.585	81.841	0.6	8.748503955730856
85.155	Model3	3.434	2.901	11.663	81.874	0.6	8.773905276303596
85.487	Model3	3.229	3.434	11.767	81.883	0.6	8.879408421066001
85.933	Model3	2.322	3.229	11.982	81.784	0.6	8.897679855237563
86.443	Model3	2.061	2.322	12.264	81.626	0.6	8.758990679889822
86.879	Model3	2.461	2.061	12.462	81.538	0.6	8.764133596335796
87.315	Model3	2.474	2.461	12.666	81.452	0.6	8.534323031438786
87.754	Model3	2.406	2.474	12.868	81.364	0.6	8.818584545257673
88.178	Model3	2.49	2.406	13.061	81.291	0.6	8.81750928672487
88.558	Model3	2.788	2.49	13.214	81.258	0.6	8.848387933817
88.995	Model3	2.42	2.788	13.42	81.173	0.6	8.740555195502086
89.414	Model3	2.535	2.42	13.604	81.106	0.6	8.769410898872646
89.89	Model3	2.259	2.535	13.849	80.988	0.6	8.788336706770762
90.385	Model3	2.094	2.259	14.116	80.854	0.6	8.52495614864137
90.835	Model3	2.345	2.094	14.336	80.762	0.6	8.73200273974314
91.219	Model3	2.739	2.345	14.49	80.728	0.6	8.794841739969176
91.676	Model3	2.303	2.739	14.716	80.632	0.6	8.812470191259184
92.006	Model3	3.252	2.303	14.814	80.647	0.6	8.888158034151449
92.436	Model3	2.426	3.252	15.01	80.575	0.6	8.761021502007328
92.852	Model3	2.498	2.426	15.196	80.516	0.6	8.826638775892437
93.29	Model3	2.429	2.498	15.405	80.437	0.6	8.82136660280017
93.691	Model3	2.613	2.429	15.578	80.392	0.6	8.825505841160826
94.126	Model3	2.434	2.613	15.782	80.317	0.6	8.830968893829718
94.519	Model3	2.681	2.434	15.946	80.28	0.6	8.872439892201534
94.859	Model3	3.079	2.681	16.055	80.288	0.6	8.888327551606416
95.243	Model3	2.701	3.079	16.211	80.258	0.6	8.85604792138663
95.758	Model3	2.145	2.701	16.498	80.119	0.6	8.74498357046353
96.166	Model3	2.586	2.145	16.674	80.07	0.6	8.78320213931067
96.608	Model3	2.44	2.586	16.887	79.993	0.6	8.774162237019093
96.813	Model3	5.34	2.44	16.856	80.113	0.6	8.809305178084609
97.071	Model3	4.186	5.34	16.521	80.188	0.6	8.799989929210744
97.431	Model3	3.543	4.186	16.649	80.179	0.6	8.86986937240812
97.755	Model3	3.33	3.543	16.737	80.2	0.6	8.81548925151538
98.108	Model3	3.018	3.33	16.847	80.197	0.6	8.697887483124957
98.445	Model3	3.216	3.018	16.953	80.207	0.6	8.836475946892289
98.76	Model3	3.377	3.216	17.038	80.235	0.6	8.783680375949455
99.068	Model3	3.45	3.377	17.117	80.268	0.6	8.83018804368879
99.356	Model3	3.687	3.45	17.176	80.317	0.6	8.834391389514924
99.682	Model3	3.234	3.687	17.272	80.335	0.6	8.88459966065577
99.979	Model3	3.656	3.234	17.342	80.377	0.6	8.828942687601433
100.247	Model3	4.126	3.656	17.38	80.441	0.6	8.872984207909795
100.555	Model3	3.432	4.126	17.458	80.473	0.6	8.760307862610567
100.846	Model3	3.812	3.432	17.521	80.519	0.6	8.878337072943568
101.215	Model3	2.857	3.812	17.661	80.502	0.6	8.854271865975377
101.504	Model3	3.684	2.857	17.718	80.549	0.6	8.716125117411869
101.865	Model3	2.911	3.684	17.85	80.538	0.6	8.775171871273333
102.224	Model3	2.976	2.911	17.981	80.529	0.6	8.718589162627111
102.583	Model3	2.969	2.976	18.109	80.52	0.6	8.802593995613712
102.927	Model3	3.112	2.969	18.224	80.523	0.6	8.760618921899542
103.217	Model3	3.768	3.112	18.282	80.568	0.6	8.690840675325106
103.476	Model3	4.219	3.768	18.315	80.637	0.6	8.739134692516851
103.752	Model3	3.828	4.219	18.363	80.692	0.6	8.747591666823086
104.036	Model3	3.744	3.828	18.417	80.741	0.6	8.781216175192874
104.333	Model3	3.667	3.744	18.483	80.78	0.6	8.7116535364382
104.64	Model3	3.391	3.667	18.561	80.81	0.6	8.746314781952284
105.018	Model3	2.762	3.391	18.706	80.786	0.6	8.819456067825406
105.376	Model3	2.932	2.762	18.833	80.777	0.6	8.855430895064204
105.731	Model3	3.026	2.932	18.957	80.771	0.6	8.774180591931854
106.103	Model3	2.829	3.026	19.096	80.752	0.6	8.712938419736263
106.395	Model3	3.653	2.829	19.159	80.793	0.6	8.828125032887328
106.744	Model3	3.048	3.653	19.279	80.792	0.6	8.755845679489132
107.114	Model3	2.901	3.048	19.42	80.774	0.6	8.737095803206703
107.438	Model3	3.463	2.901	19.515	80.791	0.6	8.750803767955686
107.754	Model3	3.439	3.463	19.602	80.814	0.6	8.808787146907488
108.066	Model3	3.445	3.439	19.685	80.84	0.6	8.862110567628385
108.369	Model3	3.59	3.445	19.755	80.872	0.6	8.697057853844447
108.652	Model3	3.759	3.59	19.808	80.919	0.6	8.74511120331431
108.961	Model3	3.43	3.759	19.887	80.947	0.6	8.826062985829662
109.287	Model3	3.398	3.43	19.984	80.961	0.6	8.8099157930555
109.592	Model3	3.443	3.398	20.061	80.991	0.6	8.90780852785453
109.906	Model3	3.396	3.443	20.147	81.015	0.6	8.739498880033338
110.158	Model3	4.275	3.396	20.167	81.084	0.6	8.758954097135065
110.411	Model3	4.192	4.275	20.188	81.151	0.6	8.539674848062221
110.72	Model3	3.395	4.192	20.267	81.178	0.6	8.866438081064741
111.056	Model3	3.119	3.395	20.37	81.185	0.6	8.729894495403297
111.427	Model3	2.908	3.119	20.512	81.166	0.6	8.847398707369345
111.802	Model3	2.836	2.908	20.659	81.143	0.6	8.731839132625232
112.142	Model3	3.082	2.836	20.771	81.147	0.6	8.779506758934813
112.445	Model3	3.57	3.082	20.846	81.178	0.6	8.799731453507889
112.769	Model3	3.248	3.57	20.939	81.192	0.6	8.802409259278692
113.089	Model3	3.352	3.248	21.03	81.21	0.6	8.725318022487805
113.425	Model3	3.232	3.352	21.137	81.216	0.6	8.81578571248413
113.735	Model3	3.523	3.232	21.219	81.242	0.6	8.842940602263072
114.007	Model3	3.847	3.523	21.263	81.293	0.6	8.577782413343886
114.322	Model3	3.47	3.847	21.35	81.314	0.6	8.794030388993372
114.638	Model3	3.383	3.47	21.439	81.334	0.6	8.901928823689214
114.957	Model3	3.319	3.383	21.529	81.352	0.6	8.816842016753728
115.23	Model3	3.892	3.319	21.574	81.403	0.6	8.884336190772737
115.517	Model3	3.664	3.892	21.631	81.443	0.6	8.842064432348563
115.808	Model3	3.732	3.664	21.694	81.48	0.6	8.77441921278621
116.109	Model3	3.466	3.732	21.766	81.51	0.6	8.770052670866676
116.399	Model3	3.731	3.466	21.83	81.547	0.6	8.70263383946319
116.742	Model3	3.01	3.731	21.943	81.548	0.6	8.810341423248037
117.085	Model3	3.137	3.01	22.053	81.548	0.6	8.705072194561073
117.423	Model3	3.156	3.137	22.16	81.552	0.6	8.737823868737982
117.712	Model3	3.699	3.156	22.221	81.589	0.6	8.89364237596134
118.011	Model3	3.562	3.699	22.288	81.62	0.6	8.841505265731849
118.317	Model3	3.626	3.562	22.366	81.645	0.6	8.798531586620657
118.615	Model3	3.666	3.626	22.434	81.676	0.6	8.812248010874795
118.836	Model3	4.871	3.666	22.422	81.759	0.6	8.863009443471242
119.114	Model3	3.866	4.871	22.467	81.804	0.6	8.734239318303922
119.402	Model3	3.675	3.866	22.511	81.841	0.6	8.870525932881591
119.687	Model3	3.681	3.675	22.556	81.88	0.6	8.707114238857404
120.007	Model3	3.336	3.681	22.646	81.895	0.6	8.87972799600293
120.333	Model3	3.262	3.336	22.744	81.906	0.6	8.848966640505667
120.634	Model3	3.549	3.262	22.816	81.934	0.6	8.768769220798498
120.965	Model3	3.116	3.549	22.919	81.941	0.6	8.863327839060057
121.318	Model3	3.018	3.116	23.042	81.934	0.6	8.783790745646643
121.673	Model3	3.076	3.018	23.169	81.925	0.6	8.763840599090665
122.017	Model3	3.182	3.076	23.285	81.923	0.6	8.776824501343421
122.357	Model3	3.258	3.182	23.398	81.924	0.6	8.777467358935564
122.712	Model3	3.112	3.258	23.525	81.915	0.6	8.56336923943846
123.023	Model3	3.677	3.112	23.609	81.936	0.6	8.560136005273673
123.327	Model3	3.457	3.677	23.684	81.961	0.6	8.828255104188592
123.614	Model3	3.713	3.457	23.736	81.997	0.6	8.79502615879806
123.914	Model3	3.511	3.713	23.807	82.025	0.6	8.736185891894932
124.207	Model3	3.617	3.511	23.873	82.057	0.6	8.850721891393434
124.502	Model3	3.635	3.617	23.935	82.087	0.6	8.799768377678658
124.804	Model3	3.484	3.635	24.008	82.113	0.6	8.784857795734396
125.1	Model3	3.581	3.484	24.075	82.142	0.6	8.873810193775244
125.4	Model3	3.483	3.581	24.147	82.169	0.6	8.838784997492276
125.669	Model3	3.922	3.483	24.186	82.216	0.6	8.742814381866959
125.93	Model3	4.067	3.922	24.217	82.268	0.6	8.759685810295748
126.287	Model3	3.068	4.067	24.341	82.257	0.6	8.72894975078303
126.622	Model3	3.223	3.068	24.445	82.261	0.6	8.740536981003109
126.896	Model3	3.921	3.223	24.484	82.304	0.6	8.855449591568297
127.105	Model3	5.129	3.921	24.463	82.388	0.6	8.8876495205806
127.473	Model3	2.803	5.129	24.601	82.37	0.6	8.82281396654978
127.773	Model3	3.579	2.803	24.67	82.396	0.6	8.7466430881712
128.052	Model3	3.83	3.579	24.716	82.435	0.6	8.851786584838246
128.37	Model3	3.281	3.83	24.805	82.449	0.6	8.770456118486672
128.668	Model3	3.673	3.281	24.875	82.476	0.6	8.822517032702368
128.981	Model3	3.442	3.673	24.957	82.493	0.6	8.902287811286875
129.313	Model3	3.218	3.442	25.06	82.498	0.6	8.797387403071102
129.601	Model3	3.668	3.218	25.121	82.53	0.6	8.72337628844538
129.908	Model3	3.423	3.668	25.197	82.551	0.6	8.751826294890547
130.188	Model3	3.835	3.423	25.245	82.589	0.6	8.66265990887724
130.509	Model3	3.301	3.835	25.337	82.6	0.6	8.7446918522225
130.752	Model3	4.471	3.301	25.349	82.66	0.6	8.853505577895282
131.084	Model3	3.2	4.471	25.446	82.664	0.6	8.897472231886026
131.398	Model3	3.433	3.2	25.53	82.68	0.6	8.74815726353113
131.685	Model3	3.723	3.433	25.587	82.713	0.6	8.891832360616744
131.951	Model3	4.07	3.723	25.624	82.758	0.6	8.731439229923724
132.25	Model3	3.486	4.07	25.693	82.783	0.6	8.85135694086861
132.528	Model3	3.782	3.486	25.74	82.82	0.6	8.750274338978667
132.802	Model3	3.882	3.782	25.782	82.86	0.6	8.652491691610745
133.132	Model3	3.16	3.882	25.88	82.865	0.6	8.868744066259136
133.499	Model3	2.855	3.16	26.02	82.847	0.6	8.747792354057605
133.851	Model3	3.035	2.855	26.144	82.838	0.6	8.849265357447276
134.196	Model3	3.096	3.035	26.258	82.834	0.6	8.723249289233578
134.531	Model3	3.195	3.096	26.363	82.836	0.6	8.818640169211426
134.863	Model3	3.242	3.195	26.465	82.84	0.6	8.74079199089723
135.197	Model3	3.206	3.242	26.571	82.842	0.6	8.866906680140119
135.562	Model3	2.968	3.206	26.709	82.826	0.6	8.753177857776386
135.863	Model3	3.603	2.968	26.781	82.848	0.6	8.850609833298163
136.218	Model3	2.974	3.603	26.903	82.838	0.6	8.80715944548734
136.547	Model3	3.452	2.974	27.003	82.843	0.6	8.790399584194356
136.961	Model3	2.565	3.452	27.189	82.797	0.6	8.894415627929071
137.333	Model3	2.898	2.565	27.333	82.777	0.6	8.79932530807994
137.716	Model3	2.776	2.898	27.483	82.75	0.6	8.788170981861306
138.07	Model3	3.178	2.776	27.609	82.741	0.6	8.730566842070205
138.395	Model3	3.5	3.178	27.705	82.749	0.6	8.676171012022472
138.702	Model3	3.38	3.5	27.783	82.767	0.6	8.90090870120665
139.051	Model3	3.047	3.38	27.903	82.761	0.6	8.813321986530925
139.42	Model3	2.9	3.047	28.043	82.743	0.6	8.805772674690802
139.779	Model3	2.985	2.9	28.172	82.73	0.6	8.882210184365563
140.084	Model3	3.563	2.985	28.246	82.751	0.6	8.770859603227878
140.431	Model3	3.156	3.563	28.365	82.745	0.6	8.873885291024992
140.753	Model3	3.296	3.156	28.459	82.755	0.6	8.873885291024992
141.047	Model3	3.63	3.296	28.525	82.781	0.6	8.873885291024992
141.338	Model3	3.664	3.63	28.586	82.808	0.6	8.873885291024992
141.655	Model3	3.352	3.664	28.675	82.821	0.6	8.873885291024992
141.962	Model3	3.381	3.352	28.751	82.839	0.6	8.873885291024992
142.262	Model3	3.508	3.381	28.823	82.861	0.6	8.873885291024992
142.596	Model3	3.128	3.508	28.925	82.864	0.6	8.873885291024992
142.912	Model3	3.335	3.128	29.011	82.876	0.6	8.873885291024992
143.25	Model3	3.112	3.335	29.121	82.876	0.6	8.873885291024992
143.572	Model3	3.277	3.112	29.214	82.885	0.6	8.873885291024992
143.858	Model3	3.701	3.277	29.272	82.915	0.6	8.873885291024992
144.144	Model3	3.661	3.701	29.329	82.945	0.6	8.873885291024992
144.431	Model3	3.677	3.661	29.388	82.974	0.6	8.873885291024992
144.713	Model3	3.708	3.677	29.441	83.006	0.6	8.873885291024992
145.021	Model3	3.354	3.708	29.52	83.022	0.6	8.873885291024992
145.316	Model3	3.567	3.354	29.585	83.047	0.6	8.873885291024992
145.603	Model3	3.626	3.567	29.645	83.075	0.6	8.873885291024992
145.895	Model3	3.548	3.626	29.707	83.101	0.6	8.873885291024992
146.195	Model3	3.498	3.548	29.777	83.122	0.6	8.873885291024992
146.534	Model3	3.06	3.498	29.882	83.121	0.6	8.873885291024992
146.882	Model3	3.097	3.06	30.0	83.114	0.6	8.873885291024992
147.154	Model3	3.953	3.097	30.043	83.151	0.6	8.873885291024992
147.456	Model3	3.492	3.953	30.116	83.17	0.6	8.873885291024992
147.746	Model3	3.626	3.492	30.178	83.197	0.6	8.873885291024992
148.039	Model3	3.543	3.626	30.244	83.221	0.6	8.873885291024992
148.364	Model3	3.194	3.543	30.341	83.228	0.6	8.873885291024992
148.656	Model3	3.663	3.194	30.405	83.253	0.6	8.873885291024992
148.981	Model3	3.275	3.663	30.499	83.259	0.6	8.873885291024992
149.313	Model3	3.192	3.275	30.604	83.261	0.6	8.873885291024992
149.644	Model3	3.222	3.192	30.705	83.264	0.6	8.873885291024992
149.975	Model3	3.199	3.222	30.808	83.267	0.6	8.873885291024992
150.304	Model3	3.249	3.199	30.908	83.271	0.6	8.873885291024992
150.637	Model3	3.172	3.249	31.014	83.273	0.6	8.873885291024992
150.98	Model3	3.081	3.172	31.131	83.269	0.6	8.873885291024992
151.331	Model3	3.024	3.081	31.254	83.261	0.6	8.873885291024992
151.697	Model3	2.867	3.024	31.391	83.245	0.6	8.873885291024992
152.026	Model3	3.243	2.867	31.492	83.249	0.6	8.873885291024992
152.368	Model3	3.105	3.243	31.605	83.246	0.6	8.873885291024992
152.692	Model3	3.27	3.105	31.7	83.252	0.6	8.873885291024992
152.989	Model3	3.64	3.27	31.767	83.274	0.6	8.873885291024992
153.325	Model3	3.087	3.64	31.871	83.274	0.6	8.873885291024992
153.671	Model3	3.082	3.087	31.988	83.269	0.6	8.873885291024992
153.969	Model3	3.605	3.082	32.056	83.289	0.6	8.873885291024992
154.284	Model3	3.32	3.605	32.143	83.301	0.6	8.873885291024992
154.601	Model3	3.361	3.32	32.227	83.311	0.6	8.873885291024992
154.926	Model3	3.326	3.361	32.324	83.317	0.6	8.873885291024992
155.251	Model3	3.23	3.326	32.418	83.323	0.6	8.873885291024992
155.584	Model3	3.171	3.23	32.523	83.325	0.6	8.873885291024992
155.911	Model3	3.234	3.171	32.62	83.33	0.6	8.873885291024992
156.257	Model3	3.061	3.234	32.737	83.324	0.6	8.873885291024992
156.574	Model3	3.322	3.061	32.826	83.334	0.6	8.873885291024992
156.913	Model3	3.071	3.322	32.938	83.333	0.6	8.873885291024992
157.256	Model3	3.086	3.071	33.052	83.329	0.6	8.873885291024992
157.595	Model3	3.13	3.086	33.162	83.328	0.6	8.873885291024992
157.941	Model3	3.022	3.13	33.281	83.322	0.6	8.873885291024992
158.289	Model3	3.02	3.022	33.402	83.316	0.6	8.873885291024992
158.634	Model3	3.042	3.02	33.518	83.311	0.6	8.873885291024992
158.951	Model3	3.341	3.042	33.605	83.321	0.6	8.873885291024992
159.269	Model3	3.344	3.341	33.694	83.331	0.6	8.873885291024992
159.557	Model3	3.657	3.344	33.755	83.356	0.6	8.873885291024992
159.829	Model3	3.894	3.657	33.797	83.389	0.6	8.873885291024992
160.104	Model3	3.753	3.894	33.844	83.421	0.6	8.873885291024992
160.383	Model3	3.704	3.753	33.894	83.45	0.6	8.873885291024992
160.674	Model3	3.557	3.704	33.957	83.473	0.6	8.873885291024992
160.958	Model3	3.655	3.557	34.015	83.5	0.6	8.873885291024992
161.249	Model3	3.574	3.655	34.077	83.523	0.6	8.873885291024992
161.54	Model3	3.563	3.574	34.139	83.546	0.6	8.873885291024992
161.823	Model3	3.676	3.563	34.196	83.573	0.6	8.873885291024992
162.102	Model3	3.7	3.676	34.246	83.602	0.6	8.873885291024992
162.361	Model3	4.036	3.7	34.278	83.641	0.6	8.873885291024992
162.61	Model3	4.154	4.036	34.297	83.685	0.6	8.873885291024992
162.868	Model3	4.028	4.154	34.327	83.724	0.6	8.873885291024992
163.169	Model3	3.425	4.028	34.399	83.741	0.6	8.873885291024992
163.465	Model3	3.504	3.425	34.466	83.761	0.6	8.873885291024992
163.762	Model3	3.527	3.504	34.524	83.78	0.6	8.873885291024992
164.076	Model3	3.332	3.527	34.609	83.791	0.6	8.873885291024992
164.413	Model3	3.11	3.332	34.717	83.789	0.6	8.873885291024992
164.736	Model3	3.275	3.11	34.808	83.794	0.6	8.873885291024992
165.064	Model3	3.235	3.275	34.901	83.798	0.6	8.873885291024992
165.411	Model3	3.006	3.235	35.022	83.791	0.6	8.873885291024992
165.729	Model3	3.24	3.006	35.111	83.8	0.6	8.873885291024992
166.041	Model3	3.308	3.24	35.196	83.811	0.6	8.873885291024992
166.373	Model3	3.156	3.308	35.297	83.812	0.6	8.873885291024992
166.719	Model3	3.053	3.156	35.414	83.806	0.6	8.873885291024992
167.055	Model3	3.126	3.053	35.519	83.805	0.6	8.873885291024992
167.413	Model3	2.971	3.126	35.646	83.793	0.6	8.873885291024992
167.75	Model3	3.141	2.971	35.756	83.791	0.6	8.873885291024992
168.064	Model3	3.373	3.141	35.84	83.801	0.6	8.873885291024992
168.347	Model3	3.65	3.373	35.892	83.827	0.6	8.873885291024992
168.681	Model3	3.081	3.65	35.998	83.827	0.6	8.873885291024992
169.024	Model3	3.073	3.081	36.113	83.823	0.6	8.873885291024992
169.35	Model3	3.21	3.073	36.208	83.827	0.6	8.873885291024992
169.671	Model3	3.296	3.21	36.301	83.833	0.6	8.873885291024992
170.01	Model3	3.097	3.296	36.411	83.83	0.6	8.873885291024992
170.327	Model3	3.345	3.097	36.497	83.839	0.6	8.873885291024992
170.671	Model3	3.066	3.345	36.611	83.834	0.6	8.873885291024992
171.005	Model3	3.165	3.066	36.714	83.834	0.6	8.873885291024992
171.325	Model3	3.304	3.165	36.804	83.841	0.6	8.873885291024992
171.67	Model3	3.021	3.304	36.921	83.835	0.6	8.873885291024992
171.967	Model3	3.559	3.021	36.99	83.853	0.6	8.873885291024992
172.265	Model3	3.577	3.559	37.058	83.871	0.6	8.873885291024992
172.608	Model3	3.07	3.577	37.173	83.866	0.6	8.873885291024992
172.946	Model3	3.124	3.07	37.282	83.864	0.6	8.873885291024992
173.301	Model3	2.977	3.124	37.408	83.854	0.6	8.873885291024992
173.65	Model3	3.002	2.977	37.527	83.847	0.6	8.873885291024992
173.975	Model3	3.303	3.002	37.622	83.851	0.6	8.873885291024992
174.308	Model3	3.175	3.303	37.726	83.852	0.6	8.873885291024992
174.633	Model3	3.273	3.175	37.823	83.856	0.6	8.873885291024992
174.975	Model3	3.124	3.273	37.935	83.852	0.6	8.873885291024992
175.304	Model3	3.224	3.124	38.033	83.854	0.6	8.873885291024992
175.628	Model3	3.351	3.224	38.129	83.859	0.6	8.873885291024992
175.956	Model3	3.222	3.351	38.226	83.862	0.6	8.873885291024992
176.292	Model3	3.145	3.222	38.332	83.861	0.6	8.873885291024992
176.631	Model3	3.108	3.145	38.434	83.859	0.6	8.873885291024992
176.963	Model3	3.192	3.108	38.539	83.859	0.6	8.873885291024992
177.292	Model3	3.196	3.192	38.64	83.862	0.6	8.873885291024992
177.548	Model3	4.119	3.196	38.665	83.899	0.6	8.873885291024992
177.818	Model3	3.893	4.119	38.706	83.929	0.6	8.873885291024992
178.067	Model3	4.22	3.893	38.728	83.968	0.6	8.873885291024992
